0.0
0.0
0.0
0.0
0.0
0.0
0.0
0.0
0.0
0.0
0.0
0.0
0.0
0.0
0.0
0.0
0.0
0.0
0.0
0.0
0.0
0.0
0.0
0.0
0.0
0.0
0.0
0.0
0.0
0.0
0.0
0.0
0.0
0.0
0.0
0.0
0.0
0.0
0.0
0.0
0.0
0.0
0.0
0.0
0.0
0.0
0.0
0.0
0.0
0.0
0.0
0.0
0.0
0.0
0.0
0.0
0.0
0.0
0.0
0.0
0.0
0.0
0.0
0.0
0.0
0.0
0.0
0.0
0.0
0.0
0.0
0.0
0.0
0.0
0.0
0.0
0.0
0.0
0.0
0.0
0.0
0.0
0.0
0.0
0.0
0.0
0.0
0.0
0.0
0.0
0.0
0.0
0.0
0.0
0.0
0.0
0.0
0.0
0.0
0.0
0.0
0.0
0.0
0.0
0.0
0.0
0.0
0.0
0.0
0.0
0.0
0.0
0.0
0.0
0.00095
0.0
0.0
0.001
0.0022476190476190473
0.0002666666666666666
0.00491764705882353
0.007975
0.0045473684210526315
0.0
0.0010857142857142858
0.006127272727272728
0.0
0.0
0.0
0.0
0.0011733333333333333
0.0
0.0021818181818181815
0.006784615384615384
0.01036
0.02965
0.021775824175824174
0.043204040404040404
0.05396767676767677
0.06892525252525253
0.0873010101010101
0.0841979797979798
0.101389898989899
0.11322424242424242
0.12523636363636362
0.122
0.1374141414141414
0.0
0.0
0.0
0.0004
0.0
0.01218125
0.04061010101010101
0.07292929292929293
0.09161212121212121
0.11404848484848484
0.13675555555555557
0.15207676767676767
0.16195151515151515
0.17336565656565656
0.17846060606060604
0.18976161616161616
0.19643232323232324
0.20574949494949496
0.21113131313131311
0.21409292929292928
0.22199595959595958
0.0
0.0
0.0
0.006811764705882354
0.04208080808080808
0.07621818181818181
0.1095878787878788
0.13292929292929292
0.15619797979797978
0.17338181818181816
0.19130101010101008
0.20221818181818182
0.21549898989898988
0.22572525252525252
0.2343838383838384
0.24411717171717173
0.2519070707070707
0.2580686868686869
0.2634666666666666
0.2697050505050505
0.27416969696969695
0.0
0.0
0.006152380952380953
0.05027070707070707
0.08509494949494949
0.1161010101010101
0.14595555555555556
0.17302222222222222
0.19003636363636361
0.20978989898989897
0.22397979797979797
0.23771313131313132
0.25212525252525253
0.26341818181818183
0.27226666666666666
0.28104646464646466
0.2910626262626263
0.29604848484848484
0.30112323232323235
0.30784646464646465
0.31282020202020205
0.0
0.0
0.0030352941176470588
0.06985050505050505
0.11004444444444443
0.14486464646464647
0.17324040404040403
0.19701010101010102
0.219240404040404
0.23862626262626263
0.2550343434343434
0.2708161616161616
0.28125656565656565
0.292779797979798
0.30043636363636367
0.31107070707070705
0.32016969696969694
0.32623030303030304
0.3317979797979798
0.3368646464646465
0.34278383838383836
0.0
0.0
0.043050505050505054
0.08908282828282828
0.12567676767676766
0.1654989898989899
0.19145454545454546
0.2175959595959596
0.2410949494949495
0.2591636363636364
0.2781090909090909
0.2921050505050505
0.30461414141414145
0.31516363636363637
0.32643636363636364
0.3336242424242424
0.3412808080808081
0.348569696969697
0.3556484848484848
0.3634747474747475
0.3700323232323232
0.0
0.0
0.05541818181818181
0.09867474747474747
0.14124040404040406
0.17836363636363636
0.21091313131313133
0.23413333333333336
0.2576727272727273
0.27993131313131314
0.29356363636363636
0.3089131313131313
0.32176969696969693
0.333979797979798
0.34498585858585856
0.35435151515151514
0.36363232323232325
0.37069898989898986
0.3753616161616162
0.3829131313131313
0.39147878787878787
0.0
0.021217391304347827
0.06247676767676768
0.1081858585858586
0.15167272727272726
0.1870828282828283
0.22034343434343437
0.24902626262626262
0.26996767676767675
0.2925979797979798
0.3086060606060606
0.324989898989899
0.33782626262626264
0.34945858585858586
0.3621090909090909
0.37005252525252524
0.3774989898989899
0.3876
0.3951959595959596
0.4007191919191919
0.40527272727272723
0.0
0.0
0.06626262626262626
0.11606868686868686
0.16145050505050507
0.1998060606060606
0.23151919191919193
0.25896161616161617
0.2829010101010101
0.30403636363636366
0.32069494949494953
0.3369212121212121
0.35196767676767676
0.3649777777777778
0.3750909090909091
0.38477979797979794
0.39328888888888885
0.40183030303030304
0.40893333333333337
0.41668282828282827
0.42171313131313126
0.0
0.011066666666666667
0.07475959595959596
0.12455757575757576
0.16875151515151515
0.20680808080808077
0.23915555555555557
0.2695676767676768
0.2919878787878788
0.31647272727272724
0.333240404040404
0.34916363636363634
0.36327272727272725
0.3751959595959596
0.3862909090909091
0.3989373737373737
0.4047191919191919
0.4130909090909091
0.4204686868686868
0.4279515151515152
0.43402020202020203
0.0
0.0
0.0794020202020202
0.12822626262626263
0.17532121212121213
0.21568080808080808
0.24874343434343438
0.2765575757575757
0.29913535353535353
0.32423434343434343
0.34195959595959596
0.3585656565656566
0.3736969696969697
0.38564444444444446
0.39636363636363636
0.4085171717171717
0.41787070707070706
0.42530101010101007
0.43343434343434345
0.44114343434343434
0.4487151515151515
0.0
0.017153846153846155
0.08447676767676768
0.13362828282828282
0.17950707070707073
0.22016969696969696
0.257010101010101
0.28434343434343434
0.3097616161616162
0.33182626262626264
0.35065050505050505
0.3670868686868687
0.3837818181818182
0.3948
0.4057131313131313
0.417749494949495
0.42894949494949497
0.4373939393939394
0.4419676767676768
0.4505333333333333
0.4604242424242424
0.0
0.0
0.08444848484848486
0.13992323232323234
0.1857171717171717
0.22801616161616162
0.26143838383838386
0.2908727272727272
0.3169858585858586
0.3397212121212121
0.3579838383838384
0.3759757575757576
0.39063434343434345
0.4042343434343434
0.4150545454545455
0.4257979797979798
0.43513131313131315
0.4466020202020202
0.45505050505050504
0.45966464646464644
0.46493737373737376
0.0
0.0
0.08976161616161617
0.14187878787878788
0.1922989898989899
0.23327272727272724
0.2657050505050505
0.2961171717171717
0.3224767676767677
0.34492121212121213
0.3647353535353535
0.38307070707070706
0.3974343434343434
0.40977373737373735
0.42123636363636363
0.4357333333333333
0.44242828282828284
0.4539393939393939
0.4588040404040404
0.46848888888888884
0.474569696969697
0.0
0.0
0.0896080808080808
0.14653737373737374
0.1953010101010101
0.2374949494949495
0.27336969696969693
0.3023070707070707
0.3272686868686869
0.35007272727272726
0.37046464646464644
0.38876767676767676
0.4027959595959596
0.4194141414141414
0.4279030303030303
0.4411636363636364
0.4498424242424242
0.45847676767676765
0.4677414141414141
0.4747070707070707
0.4844242424242424
