0.0
0.0
0.0
0.0
0.0
0.0
0.0
0.0
0.0
0.0
0.0
0.0
0.0
0.0
0.0
0.0
0.0
0.0
0.0
0.0
0.0
0.0
0.0
0.0
0.0
0.0
0.0
0.0
0.0
0.0
0.0
0.0
0.0
0.0
0.0
0.0
0.0
0.0
0.0
0.0
0.0
0.0
0.0
0.0
0.0
0.0
0.0
0.0
0.0
0.0
0.0
0.0
0.0
0.0
0.0
0.0
0.0
0.0
0.0
0.0
0.0
0.0
0.0
0.0
0.0
0.0
0.0
0.0
0.0
0.0
0.0
0.0
0.0
0.0
0.0
0.0
0.0
0.0
0.0
0.0
0.0
0.0
0.0
0.0
0.0
0.0
0.0
0.0
0.0
0.0
0.0
0.0
0.0
0.0
0.0
0.0
0.0
0.0
0.0
0.0
0.0
0.0
0.0
0.0
0.0
0.0
0.0
0.0
0.0
0.0
0.0
0.0
0.0
0.0
0.0
0.0
0.013846153846153848
0.0847058823529412
0.11999999999999998
0.11545454545454543
0.14526315789473684
0.06857142857142857
0.09733333333333337
0.3284210526315789
0.20846153846153845
0.10666666666666667
0.0
0.0
0.0
0.0
0.0
0.05222222222222222
0.11599999999999999
0.17789473684210527
0.26599999999999996
0.8477419354838709
1.1036923076923075
1.4892929292929287
2.8325252525252522
3.3785858585858595
4.0957575757575775
4.808888888888889
5.367676767676769
5.651717171717172
5.865252525252522
6.103030303030304
6.5276767676767635
0.0
0.0
0.0
0.0
0.2677777777777778
0.15699999999999997
2.464444444444445
3.7131313131313144
4.618181818181816
5.894545454545454
6.7163636363636385
7.488080808080808
8.048484848484849
8.533535353535353
9.091313131313132
9.714949494949495
9.969898989898992
10.307676767676767
10.622424242424241
10.860202020202019
11.126868686868685
0.0
0.0
0.0
0.09100000000000001
1.8523232323232328
4.1503030303030295
5.4290909090909105
6.908282828282831
7.710101010101011
8.766262626262627
9.714949494949499
10.285050505050501
10.886060606060608
11.399595959595962
11.726262626262622
12.11292929292929
12.535555555555556
12.889292929292925
13.209494949494948
13.42080808080809
13.675555555555555
0.0
0.0
0.14
1.8341414141414134
4.169696969696969
5.887878787878785
7.407474747474749
8.646262626262631
9.659595959595963
10.684646464646464
11.483232323232325
12.00424242424243
12.572929292929294
13.215151515151513
13.701414141414133
14.030707070707068
14.43151515151515
14.931919191919192
15.199999999999998
15.437373737373736
15.628080808080801
0.0
0.0
1.2210810810810813
3.4868686868686867
5.359999999999999
7.011919191919194
8.816363636363636
9.969090909090907
11.046262626262632
11.990303030303025
12.799595959595967
13.425252525252525
13.998181818181818
14.632929292929292
15.229292929292928
15.508080808080805
15.861212121212116
16.327272727272724
16.60161616161616
16.815959595959594
17.07434343434343
0.0
0.0
2.2230303030303027
4.2985858585858585
6.332121212121212
8.109292929292927
9.677777777777779
10.95070707070707
12.067878787878787
13.084242424242424
13.778787878787881
14.556767676767675
15.225050505050508
15.908484848484852
16.247272727272723
16.72383838383838
17.072323232323235
17.394747474747476
17.802222222222223
18.165252525252516
18.436969696969694
0.0
0.0
2.7791919191919194
5.075353535353534
7.049090909090908
8.77717171717172
10.440404040404042
11.737575757575753
13.036363636363635
13.822020202020196
14.664646464646468
15.469494949494958
16.090505050505048
16.71555555555555
17.18383838383839
17.687272727272724
18.10686868686869
18.464444444444442
18.910101010101013
19.15333333333334
19.418181818181814
0.0
0.0
3.122424242424241
5.4842424242424235
7.535757575757573
9.38565656565657
11.060404040404043
12.509696969696966
13.658383838383836
14.599797979797986
15.552525252525248
16.189696969696968
16.898181818181815
17.473535353535357
18.05838383838384
18.573737373737373
18.948282828282828
19.294141414141414
19.67979797979798
19.991717171717173
20.168484848484848
0.0
0.0
3.447878787878788
5.866060606060606
8.00848484848485
9.897979797979803
11.525656565656563
12.921414141414141
14.155353535353541
15.213939393939397
16.07030303030303
16.74666666666667
17.631919191919188
18.191717171717173
18.673535353535353
19.263030303030302
19.797777777777778
20.14363636363637
20.392525252525253
20.73838383838383
21.083636363636362
0.0
0.0
3.7024242424242413
6.109090909090908
8.435555555555558
10.340404040404042
11.937575757575758
13.443636363636367
14.613535353535344
15.688686868686867
16.595151515151503
17.380404040404034
18.099595959595963
18.745858585858585
19.300202020202022
19.845252525252526
20.31090909090909
20.76787878787879
21.139797979797976
21.501010101010092
21.77353535353535
0.0
0.0
3.898989898989899
6.443030303030304
8.746262626262624
10.7779797979798
12.496565656565663
13.924040404040408
15.143232323232324
16.228484848484854
17.170101010101007
17.984848484848495
18.637777777777774
19.18323232323232
19.913737373737373
20.47979797979798
20.826464646464647
21.256161616161616
21.69434343434343
21.920606060606065
22.425454545454546
0.0
0.0
4.097777777777779
6.726868686868686
9.087474747474745
11.141010101010101
12.69434343434343
14.213535353535352
15.490909090909101
16.5840404040404
17.6149494949495
18.27919191919192
19.1789898989899
19.689696969696968
20.215959595959596
20.87818181818182
21.386464646464646
21.879393939393943
22.166262626262622
22.562828282828285
22.847878787878788
0.0
0.0
4.2585858585858585
6.9092929292929295
9.302222222222223
11.251919191919193
13.08242424242424
14.438989898989906
15.778787878787881
16.873939393939388
17.916565656565663
18.7830303030303
19.43858585858585
20.08464646464646
20.72989898989899
21.34888888888888
21.745050505050507
22.28404040404041
22.585454545454542
23.04242424242424
23.338383838383844
0.0
0.0
4.4161616161616175
7.212929292929293
9.54969696969697
11.577777777777781
13.285454545454545
14.895959595959596
16.223838383838384
17.196161616161618
18.245656565656557
19.016161616161607
19.819393939393944
20.50969696969697
21.266464646464648
21.644444444444442
22.255151515151518
22.670707070707067
23.036565656565656
23.426666666666673
23.804242424242414
0.0
0.0
4.595959595959595
7.309090909090907
9.73454545454545
11.849292929292924
13.662222222222228
15.12787878787879
16.36080808080808
17.682222222222226
18.476565656565654
19.450909090909093
20.129494949494948
20.902424242424242
21.542020202020204
22.020808080808077
22.582020202020185
23.01434343434343
23.41131313131312
23.837171717171717
24.262020202020192
