0.0 0.0
0.0 0.17500000000000002
0.0 0.35000000000000003
0.0 0.525
0.0 0.7000000000000001
0.0 0.8750000000000001
0.17500000000000002 0.0
0.17500000000000002 0.17500000000000002
0.17500000000000002 0.35000000000000003
0.17500000000000002 0.525
0.17500000000000002 0.7000000000000001
0.17500000000000002 0.8750000000000001
0.35000000000000003 0.0
0.35000000000000003 0.17500000000000002
0.35000000000000003 0.35000000000000003
0.35000000000000003 0.525
0.35000000000000003 0.7000000000000001
0.35000000000000003 0.8750000000000001
0.525 0.0
0.525 0.17500000000000002
0.525 0.35000000000000003
0.525 0.525
0.525 0.7000000000000001
0.525 0.8750000000000001
0.7000000000000001 0.0
0.7000000000000001 0.17500000000000002
0.7000000000000001 0.35000000000000003
0.7000000000000001 0.525
0.7000000000000001 0.7000000000000001
0.7000000000000001 0.8750000000000001
0.8750000000000001 0.0
0.8750000000000001 0.17500000000000002
0.8750000000000001 0.35000000000000003
0.8750000000000001 0.525
0.8750000000000001 0.7000000000000001
0.8750000000000001 0.8750000000000001
