0.0
0.0
0.0
0.0
0.0
0.0
0.0
0.0
0.0
0.0
0.0
0.0
0.0
0.0
0.0
0.0
0.0
0.0
0.0
0.0
0.0
0.0
0.0
0.0
0.0
0.0
0.0
0.0
0.0
0.0
0.0
0.0
0.0
0.0
0.0
0.0
0.0
0.0
0.0
0.0
0.0
0.0
0.0
0.0
0.0
0.0
0.0
0.0
0.0
0.0
0.0
0.0
0.0
0.0
0.0
0.0
0.0
0.0
0.0
0.0
0.0
0.0
0.0
0.0
0.0
0.0
0.0
0.0
0.0
0.0
0.0
0.0
0.0
0.0
0.0
0.0
0.0
0.0
0.0
0.0
0.0
0.0
0.0
0.0
0.0
0.0
0.0
0.0
0.0
0.0
0.0
0.0
0.0
0.0
0.0
0.0
0.0
0.0
0.0
0.0
0.0
0.0
0.0
0.0
0.0
0.0
0.0
0.0
0.0
0.0
0.0
0.0
0.0
0.0
0.0
0.0
0.00027692307692307695
0.001694117647058824
0.0024
0.0023090909090909086
0.0029052631578947367
0.0013714285714285714
0.0019466666666666673
0.0065684210526315776
0.004169230769230769
0.0021333333333333334
0.0
0.0
0.0
0.0
0.0
0.0010444444444444444
0.00232
0.0035578947368421054
0.005319999999999999
0.016954838709677417
0.022073846153846152
0.029785858585858572
0.05665050505050504
0.06757171717171719
0.08191515151515155
0.09617777777777778
0.10735353535353537
0.11303434343434343
0.11730505050505044
0.12206060606060609
0.13055353535353528
0.0
0.0
0.0
0.0
0.005355555555555555
0.0031399999999999996
0.0492888888888889
0.0742626262626263
0.09236363636363633
0.11789090909090907
0.13432727272727277
0.14976161616161615
0.16096969696969698
0.17067070707070706
0.18182626262626264
0.19429898989898992
0.19939797979797982
0.20615353535353534
0.21244848484848483
0.21720404040404037
0.2225373737373737
0.0
0.0
0.0
0.0018200000000000002
0.037046464646464654
0.08300606060606058
0.10858181818181821
0.1381656565656566
0.1542020202020202
0.17532525252525255
0.19429898989898997
0.20570101010101002
0.21772121212121218
0.22799191919191922
0.23452525252525244
0.2422585858585858
0.2507111111111111
0.2577858585858585
0.264189898989899
0.2684161616161618
0.2735111111111111
0.0
0.0
0.0028000000000000004
0.03668282828282827
0.08339393939393938
0.1177575757575757
0.14814949494949498
0.17292525252525262
0.19319191919191925
0.2136929292929293
0.22966464646464652
0.2400848484848486
0.2514585858585859
0.26430303030303026
0.2740282828282827
0.28061414141414137
0.288630303030303
0.29863838383838387
0.30399999999999994
0.3087474747474747
0.31256161616161604
0.0
0.0
0.024421621621621627
0.06973737373737374
0.10719999999999999
0.14023838383838388
0.17632727272727272
0.19938181818181813
0.22092525252525264
0.2398060606060605
0.2559919191919193
0.26850505050505047
0.27996363636363636
0.29265858585858584
0.30458585858585857
0.3101616161616161
0.3172242424242423
0.32654545454545447
0.33203232323232323
0.3363191919191919
0.3414868686868686
0.0
0.0
0.044460606060606055
0.08597171717171717
0.12664242424242425
0.16218585858585854
0.1935555555555556
0.2190141414141414
0.24135757575757574
0.26168484848484846
0.27557575757575764
0.2911353535353535
0.30450101010101016
0.31816969696969705
0.3249454545454544
0.3344767676767676
0.3414464646464647
0.34789494949494953
0.35604444444444444
0.3633050505050503
0.36873939393939387
0.0
0.0
0.05558383838383839
0.10150707070707067
0.14098181818181815
0.17554343434343442
0.20880808080808083
0.23475151515151504
0.2607272727272727
0.27644040404040393
0.2932929292929294
0.30938989898989916
0.32181010101010094
0.334311111111111
0.34367676767676775
0.3537454545454545
0.3621373737373738
0.36928888888888883
0.37820202020202026
0.3830666666666668
0.3883636363636363
0.0
0.0
0.06244848484848482
0.10968484848484847
0.15071515151515147
0.1877131313131314
0.22120808080808085
0.2501939393939393
0.2731676767676767
0.2919959595959597
0.31105050505050497
0.32379393939393936
0.3379636363636363
0.34947070707070715
0.3611676767676768
0.37147474747474746
0.37896565656565656
0.38588282828282827
0.39359595959595955
0.3998343434343435
0.40336969696969693
0.0
0.0
0.06895757575757576
0.11732121212121212
0.160169696969697
0.19795959595959606
0.23051313131313125
0.25842828282828284
0.2831070707070708
0.3042787878787879
0.3214060606060606
0.3349333333333334
0.35263838383838375
0.36383434343434345
0.37347070707070706
0.385260606060606
0.39595555555555556
0.40287272727272744
0.4078505050505051
0.41476767676767656
0.42167272727272725
0.0
0.0
0.07404848484848482
0.12218181818181816
0.16871111111111115
0.20680808080808086
0.23875151515151516
0.2688727272727273
0.2922707070707069
0.3137737373737373
0.3319030303030301
0.3476080808080807
0.36199191919191925
0.3749171717171717
0.38600404040404046
0.39690505050505054
0.40621818181818176
0.4153575757575758
0.4227959595959595
0.43002020202020186
0.435470707070707
0.0
0.0
0.07797979797979798
0.1288606060606061
0.17492525252525248
0.215559595959596
0.24993131313131325
0.27848080808080816
0.3028646464646465
0.32456969696969706
0.34340202020202015
0.3596969696969699
0.3727555555555555
0.38366464646464643
0.39827474747474745
0.40959595959595957
0.4165292929292929
0.42512323232323235
0.4338868686868686
0.4384121212121213
0.4485090909090909
0.0
0.0
0.08195555555555557
0.13453737373737373
0.1817494949494949
0.22282020202020203
0.2538868686868686
0.28427070707070706
0.309818181818182
0.331680808080808
0.35229898989899
0.3655838383838384
0.383579797979798
0.39379393939393936
0.4043191919191919
0.41756363636363636
0.4277292929292929
0.43758787878787886
0.44332525252525246
0.4512565656565657
0.45695757575757573
0.0
0.0
0.08517171717171718
0.13818585858585858
0.18604444444444446
0.22503838383838384
0.2616484848484848
0.28877979797979814
0.3155757575757576
0.33747878787878777
0.3583313131313133
0.37566060606060603
0.388771717171717
0.4016929292929292
0.41459797979797985
0.42697777777777757
0.4349010101010101
0.44568080808080823
0.45170909090909084
0.4608484848484848
0.4667676767676769
0.0
0.0
0.08832323232323235
0.14425858585858586
0.1909939393939394
0.23155555555555563
0.2657090909090909
0.2979191919191919
0.3244767676767677
0.34392323232323235
0.36491313131313113
0.3803232323232322
0.3963878787878789
0.41019393939393944
0.42532929292929295
0.4328888888888888
0.44510303030303033
0.4534141414141413
0.4607313131313131
0.46853333333333347
0.4760848484848483
0.0
0.0
0.0919191919191919
0.14618181818181814
0.19469090909090903
0.23698585858585847
0.27324444444444457
0.3025575757575758
0.3272161616161616
0.35364444444444454
0.3695313131313131
0.3890181818181819
0.40258989898989894
0.41804848484848484
0.4308404040404041
0.44041616161616154
0.45164040404040373
0.46028686868686863
0.4682262626262624
0.47674343434343436
0.48524040404040386
