0.0
0.0
0.0
0.0
0.0
0.0
0.0
0.0
0.0
0.0
0.0
0.0
0.0
0.0
0.0
0.0
0.0
0.0
0.0
0.0
0.0
0.0
0.0
0.0
0.0
0.0
0.0
0.0
0.0
0.0
0.0
0.0
0.0
0.0
0.0
0.0
0.0
0.0
0.0
0.0
0.0
0.0
0.0
0.0
0.0
0.0
0.0
0.0
0.0
0.0
0.0
0.0
0.0
0.0
0.0
0.0
0.0
0.0
0.0
0.0
0.0
0.0
0.0
0.0
0.0
0.0
0.0
0.0
0.0
0.0
0.0
0.0
0.0
0.0
0.0
0.0
0.0
0.0
0.0
0.0
0.0
0.0
0.0
0.0
0.0
0.0
0.0
0.0
0.0
0.0
0.0
0.0
0.0
0.0
0.0
0.0
0.0
0.0
0.0
0.0
0.0
0.0
0.0
0.0
0.0
0.0
0.0
0.0
0.0
0.0
0.0
0.0
0.0
0.0
0.00849375
0.0
0.0
0.012385714285714286
0.02211337868480726
0.0019555555555555554
0.16831833910034602
0.2134484375
0.12649307479224375
0.0
0.0041578231292517
0.1332504132231405
0.0
0.0
0.0
0.0
0.014211555555555554
0.0
0.025808264462809916
0.13567633136094676
0.3109
0.7879770833333332
0.5911139234391981
0.5591959187837973
0.44378728701153014
0.5212415875931008
0.7880916641159041
0.6786858483828139
0.6120916641159012
0.5241359044995392
0.5533583103764976
0.6686303030303039
0.6653116212631401
0.0
0.0
0.0
0.0023384615384615384
0.0
0.21202412109375
0.3359946944189367
0.4477238649117411
0.464351147842058
0.5602769513314939
0.5680233445566729
0.4549549637792166
0.6109759412304964
0.5272081624324084
0.5514453627181006
0.7637326803387375
0.4152216304458678
0.44402897663502955
0.5507316396286246
0.4236672992551932
0.5023474339353386
0.0
0.0
0.0
0.1646231833910034
0.7225210488725635
0.458232506887053
0.5338865013774019
0.7247501275380026
0.4808434241403942
0.47874159779615
0.48639469441894906
0.3620062442607828
0.5139987348229857
0.4665506785022095
0.4335508621569024
0.46661214161817915
0.3397157841036562
0.44235992245688105
0.46141414141415155
0.4918350372411311
0.419418916437123
0.0
0.0
0.13799909297052154
0.48988144066932
0.5641097847158438
0.4220714620957093
0.40714253647585863
0.5185957351290738
0.4802593204775127
0.4472189368431922
0.5171343332313001
0.4713377002346795
0.3981627997143194
0.331977961432538
0.482917171717179
0.4512541985511547
0.3391043362922035
0.41917796143251473
0.40337516579939986
0.4625188450158108
0.40255655545350166
0.0
0.0
0.060614532871972326
0.4074794816855443
0.3865930415263807
0.48601783491481326
0.48873935312723044
0.47859671462095577
0.4876242016121047
0.30702352821140083
0.4678223038465716
0.4715710641771089
0.48658594021021856
0.342621201918181
0.40678861340675504
0.42425719824507835
0.35374618916441686
0.4007118457300123
0.4706131211100612
0.4031491480460856
0.43097308437912724
0.0
0.0
0.6021138251198855
0.5295373941434547
0.5290155698398128
0.44045530047954523
0.4190662993572187
0.4613373329252237
0.401620895826933
0.3580209366391413
0.42706923783286477
0.4385744311805349
0.34151364146512936
0.5231845730028115
0.4230310376492329
0.29082681359048
0.4255351902866736
0.3628290174472146
0.3390971533516888
0.29636886032037435
0.33788829711256546
0.0
0.0
0.5834365472910941
0.5866395673910825
0.5960686460565252
0.49047346189162927
0.4218185083154822
0.451725252525229
0.4672837465564953
0.4595882052852074
0.34299063360881993
0.4060851749821566
0.4024168962351046
0.43807170696873216
0.2587661667176988
0.3237032139577903
0.3914802163044456
0.3509845934088808
0.4702781348842196
0.3562912355882116
0.3248036730945576
0.0
0.6272166351606804
0.5701145597388022
0.3964146515661618
0.4853847566574812
0.48497173757778944
0.4696243240485434
0.37322150800938253
0.35674890317316166
0.3640030200999696
0.4810453627181239
0.410564391388651
0.3701588817467447
0.4731500051015057
0.33538438934800213
0.34875673910826444
0.335792674216954
0.31674343434344043
0.3532646056525409
0.36046852362006904
0.37558273645550944
0.0
0.0
0.7089710029588823
0.580662952759926
0.5032208958269563
0.33925142332415564
0.39616145291295835
0.4310538924599532
0.36550580553002654
0.32631992653808556
0.35754008774608376
0.3777814508724026
0.38023981226403264
0.34769472502805293
0.3068672176308464
0.4067989796959795
0.4081661054994911
0.3427482093663886
0.40505858585857785
0.27209092949694025
0.35811749821454286
0.0
0.6300698412698413
0.6714706662585435
0.5686369146005541
0.3733193755739136
0.4089695337210782
0.44882334455666134
0.39344385266809256
0.3927309458218515
0.36057667584945446
0.34207268646061423
0.344703764921939
0.36112617079890336
0.3567231915111188
0.33241873278236017
0.37267201305995695
0.4313048872563988
0.3006530762166716
0.3050912355883047
0.3810769513313659
0.3649161514131352
0.0
0.0
0.7187747372717102
0.5345386797265557
0.47711882460972993
0.43355135190286676
0.3994182634424651
0.47841469237834683
0.3905834914804902
0.4131798796041403
0.382525211713044
0.3004930109172128
0.25133002754822376
0.29235465768799185
0.45777851239670997
0.247145474951528
0.3068268952147104
0.4254977247220464
0.3735111927353777
0.3160243240484968
0.2748304866850376
0.0
1.2261639053254438
0.5527973880216305
0.4793959800020501
0.3575986123864888
0.6135522497704485
0.3881805530047743
0.343911192735401
0.42815288235894405
0.31838514437302945
0.3708734210794792
0.2616649729619734
0.3039133149677888
0.3293979797979817
0.31451345781045964
0.29105119885727765
0.33849362309966236
0.28835041322316973
0.3403691051932983
0.2716525252526626
0.3657520661157556
0.0
0.0
0.6397840220385668
0.6428175900418253
0.3523171921232599
0.5207266197326826
0.4358862156922696
0.39121910009188576
0.3842449545965064
0.3532723599633202
0.3207751045811921
0.38632580348937773
0.4092445260687731
0.44852533414959905
0.40643599632680416
0.34309796959497035
0.3013417406386696
0.3107908988878131
0.35378251198865474
0.31411480461182073
0.3452134272011928
0.0
0.0
0.739167023773084
0.7212966023875168
0.40460883583306567
0.40818071625346786
0.4193663503724383
0.46594951535556467
0.47953678196105176
0.4373854912764393
0.3471895520865452
0.32357841036631724
0.2697132129374892
0.3061992857871577
0.3216492194673978
0.3523151515152305
0.33036971737565474
0.3531423324151896
0.30235551474345845
0.37029135802472013
0.2805017447198741
0.0
0.0
0.8433695337210491
0.5350073665952426
0.4125603509846027
0.31290978471580894
0.4523078053259989
0.4112955820834264
0.3227639628609177
0.45553425160697664
0.2877956126926001
0.26895900418325325
0.4295635955515318
0.3356792980307713
0.2871037649219856
0.2494633608814329
0.3124591368229128
0.24168627691054717
0.31648737883893774
0.29630568309361116
0.3691379247016273
