0.000000000000000000e+00 0.000000000000000000e+00 0.000000000000000000e+00 0.000000000000000000e+00 0.000000000000000000e+00
0.000000000000000000e+00 1.000000000000000000e+00 0.000000000000000000e+00 0.000000000000000000e+00 1.342839379914183848e-04
0.000000000000000000e+00 2.000000000000000000e+00 0.000000000000000000e+00 0.000000000000000000e+00 2.688182951924176969e-04
0.000000000000000000e+00 3.000000000000000000e+00 0.000000000000000000e+00 0.000000000000000000e+00 4.038346125492509563e-04
0.000000000000000000e+00 4.000000000000000000e+00 0.000000000000000000e+00 0.000000000000000000e+00 5.395280931546257795e-04
0.000000000000000000e+00 5.000000000000000000e+00 0.000000000000000000e+00 0.000000000000000000e+00 6.760392908127749265e-04
0.000000000000000000e+00 6.000000000000000000e+00 0.000000000000000000e+00 0.000000000000000000e+00 8.134357276571971317e-04
0.000000000000000000e+00 7.000000000000000000e+00 0.000000000000000000e+00 0.000000000000000000e+00 9.516935900367778835e-04
0.000000000000000000e+00 8.000000000000000000e+00 0.000000000000000000e+00 0.000000000000000000e+00 1.090679798780803218e-03
0.000000000000000000e+00 9.000000000000000000e+00 0.000000000000000000e+00 0.000000000000000000e+00 1.230134929265168202e-03
0.000000000000000000e+00 1.000000000000000000e+01 0.000000000000000000e+00 0.000000000000000000e+00 1.369657661430320273e-03
0.000000000000000000e+00 1.100000000000000000e+01 0.000000000000000000e+00 0.000000000000000000e+00 1.508691657749020119e-03
0.000000000000000000e+00 1.200000000000000000e+01 0.000000000000000000e+00 0.000000000000000000e+00 1.646515978894923975e-03
0.000000000000000000e+00 1.300000000000000000e+01 0.000000000000000000e+00 0.000000000000000000e+00 1.782240325211074472e-03
0.000000000000000000e+00 1.400000000000000000e+01 0.000000000000000000e+00 0.000000000000000000e+00 1.914806501456930033e-03
0.000000000000000000e+00 1.500000000000000000e+01 0.000000000000000000e+00 0.000000000000000000e+00 2.042997500504292480e-03
0.000000000000000000e+00 1.600000000000000000e+01 0.000000000000000000e+00 0.000000000000000000e+00 2.165455443906665924e-03
0.000000000000000000e+00 1.700000000000000000e+01 0.000000000000000000e+00 0.000000000000000000e+00 2.280709263528868554e-03
0.000000000000000000e+00 1.800000000000000000e+01 0.000000000000000000e+00 0.000000000000000000e+00 2.387212433672972201e-03
0.000000000000000000e+00 1.900000000000000000e+01 0.000000000000000000e+00 0.000000000000000000e+00 2.483390269836778172e-03
0.000000000000000000e+00 2.000000000000000000e+01 0.000000000000000000e+00 0.000000000000000000e+00 2.567695340514097001e-03
0.000000000000000000e+00 2.100000000000000000e+01 0.000000000000000000e+00 0.000000000000000000e+00 2.638668482112131730e-03
0.000000000000000000e+00 2.200000000000000000e+01 0.000000000000000000e+00 0.000000000000000000e+00 2.695001900786951794e-03
0.000000000000000000e+00 2.300000000000000000e+01 0.000000000000000000e+00 0.000000000000000000e+00 2.735600058314986011e-03
0.000000000000000000e+00 2.400000000000000000e+01 0.000000000000000000e+00 0.000000000000000000e+00 2.759633645760855430e-03
1.000000000000000000e+00 0.000000000000000000e+00 0.000000000000000000e+00 -1.342839379914183848e-04 0.000000000000000000e+00
1.000000000000000000e+00 1.000000000000000000e+00 2.685678759828367696e-04 -2.688182951924176969e-04 2.688182952092290105e-04
1.000000000000000000e+00 2.000000000000000000e+00 5.376365903848353937e-04 -2.695506745578325715e-04 5.381556252988403894e-04
1.000000000000000000e+00 3.000000000000000000e+00 8.076692250985019125e-04 -2.707097979622080826e-04 8.084932898444883347e-04
1.000000000000000000e+00 4.000000000000000000e+00 1.079056186309251559e-03 -2.722046782635239703e-04 1.080239906846092992e-03
1.000000000000000000e+00 5.000000000000000000e+00 1.352078581625549853e-03 -2.739076345025713522e-04 1.353694696680513747e-03
1.000000000000000000e+00 6.000000000000000000e+00 1.626871455314394263e-03 -2.756542992240029570e-04 1.629010516137640620e-03
1.000000000000000000e+00 7.000000000000000000e+00 1.903387180073555767e-03 -2.772440711236060862e-04 1.906156906493850682e-03
1.000000000000000000e+00 8.000000000000000000e+00 2.181359597561606436e-03 -2.784413392283903183e-04 2.184883716926821606e-03
1.000000000000000000e+00 9.000000000000000000e+00 2.460269858530336404e-03 -2.789778626495170548e-04 2.464686230394647591e-03
1.000000000000000000e+00 1.000000000000000000e+01 2.739315322860640545e-03 -2.785567284838519168e-04 2.744773141017625359e-03
1.000000000000000000e+00 1.100000000000000000e+01 3.017383315498040237e-03 -2.768583174646037023e-04 3.024039187001716263e-03
1.000000000000000000e+00 1.200000000000000000e+01 3.293031957789847950e-03 -2.735486674620543537e-04 3.301044693940293623e-03
1.000000000000000000e+00 1.300000000000000000e+01 3.564480650422148945e-03 -2.682905225620060580e-04 3.574004675423640177e-03
1.000000000000000000e+00 1.400000000000000000e+01 3.829613002913860066e-03 -2.607571752932180079e-04 3.840790398515124722e-03
1.000000000000000000e+00 1.500000000000000000e+01 4.085995001008584961e-03 -2.506489424497358905e-04 4.098946362233927762e-03
1.000000000000000000e+00 1.600000000000000000e+01 4.330910887813331847e-03 -2.377117630245760733e-04 4.345725360987249576e-03
1.000000000000000000e+00 1.700000000000000000e+01 4.561418527057737107e-03 -2.217569897663062770e-04 4.578143621492749421e-03
1.000000000000000000e+00 1.800000000000000000e+01 4.774424867345944401e-03 -2.026810063079096183e-04 4.793056848677346680e-03
1.000000000000000000e+00 1.900000000000000000e+01 4.966780539673556344e-03 -1.804829068411248003e-04 4.987256386161296323e-03
1.000000000000000000e+00 2.000000000000000000e+01 5.135390681028194002e-03 -1.552782122753535582e-04 5.157582666541642158e-03
1.000000000000000000e+00 2.100000000000000000e+01 5.277336964224263460e-03 -1.273065602728547935e-04 5.301050876385951516e-03
1.000000000000000000e+00 2.200000000000000000e+01 5.390003801573903588e-03 -9.693157620285428044e-05 5.414981578073564845e-03
1.000000000000000000e+00 2.300000000000000000e+01 5.471200116629972021e-03 -6.463174497390363621e-05 5.497127283212365108e-03
1.000000000000000000e+00 2.400000000000000000e+01 5.519267291521710861e-03 -3.098202833967189998e-05 5.545785047815392395e-03
2.000000000000000000e+00 0.000000000000000000e+00 0.000000000000000000e+00 -2.688182952092290105e-04 0.000000000000000000e+00
2.000000000000000000e+00 1.000000000000000000e+00 5.376365904184580210e-04 -5.381556252988403894e-04 2.695506746244580960e-04
2.000000000000000000e+00 2.000000000000000000e+00 1.076311250597680779e-03 -5.396749946352593242e-04 5.396749947347549313e-04
2.000000000000000000e+00 3.000000000000000000e+00 1.616986579688976669e-03 -5.420842815472526029e-04 8.109089666008507339e-04
2.000000000000000000e+00 4.000000000000000000e+00 2.160479813692185985e-03 -5.452014068360254125e-04 1.083715968396024897e-03
2.000000000000000000e+00 5.000000000000000000e+00 2.707389393361027494e-03 -5.487706092915476275e-04 1.358449789838495894e-03
2.000000000000000000e+00 6.000000000000000000e+00 3.258021032275281240e-03 -5.524622098133369352e-04 1.635317096404346159e-03
2.000000000000000000e+00 7.000000000000000000e+00 3.812313812987701365e-03 -5.558732007891809858e-04 1.914339476420295503e-03
2.000000000000000000e+00 8.000000000000000000e+00 4.369767433853643211e-03 -5.585293239007969087e-04 2.195315535955075226e-03
2.000000000000000000e+00 9.000000000000000000e+00 4.929372460789295182e-03 -5.598894240908037535e-04 2.477783892221533529e-03
2.000000000000000000e+00 1.000000000000000000e+01 5.489546282035250718e-03 -5.593529566070686715e-04 2.760988373929975336e-03
2.000000000000000000e+00 1.100000000000000000e+01 6.048078374003432525e-03 -5.562715529226682637e-04 3.043847248831424348e-03
2.000000000000000000e+00 1.200000000000000000e+01 6.602089387880587246e-03 -5.499654884219239148e-04 3.324928831263744902e-03
2.000000000000000000e+00 1.300000000000000000e+01 7.148009350847280355e-03 -5.397457045748310991e-04 3.602436322444503916e-03
2.000000000000000000e+00 1.400000000000000000e+01 7.681580797030249444e-03 -5.249416868102875847e-04 3.874205126652781935e-03
2.000000000000000000e+00 1.500000000000000000e+01 8.197892724467855524e-03 -5.049349624721248542e-04 4.137716066847266921e-03
2.000000000000000000e+00 1.600000000000000000e+01 8.691450721974499152e-03 -4.791972592588216590e-04 4.390127775263577038e-03
2.000000000000000000e+00 1.700000000000000000e+01 9.156287242985498842e-03 -4.473314876900971043e-04 4.628330935731836578e-03
2.000000000000000000e+00 1.800000000000000000e+01 9.586113697354693361e-03 -4.091127646685469021e-04 4.849025902800318741e-03
2.000000000000000000e+00 1.900000000000000000e+01 9.974512772322592646e-03 -3.645258178642954774e-04 5.048823470928177556e-03
2.000000000000000000e+00 2.000000000000000000e+01 1.031516533308328432e-02 -3.137944902246551926e-04 5.224366262762325172e-03
2.000000000000000000e+00 2.100000000000000000e+01 1.060210175277190303e-02 -2.573989115319226875e-04 5.372465528136787655e-03
2.000000000000000000e+00 2.200000000000000000e+01 1.082996315614712969e-02 -1.960764068264135920e-04 5.490245423155073849e-03
2.000000000000000000e+00 2.300000000000000000e+01 1.099425456642473022e-02 -1.308034697418275494e-04 5.575284529103800499e-03
2.000000000000000000e+00 2.400000000000000000e+01 1.109157009563078479e-02 -6.275809241692090201e-05 5.625742990983440689e-03
3.000000000000000000e+00 0.000000000000000000e+00 0.000000000000000000e+00 -4.038346126158764808e-04 0.000000000000000000e+00
3.000000000000000000e+00 1.000000000000000000e+00 8.076692252317529616e-04 -8.084932899271726281e-04 2.707097981100846937e-04
3.000000000000000000e+00 2.000000000000000000e+00 1.616986579854345256e-03 -8.109089665342252094e-04 5.420842818088623472e-04
3.000000000000000000e+00 3.000000000000000000e+00 2.429487158300203380e-03 -8.147507716234780482e-04 8.147507719329596552e-04
3.000000000000000000e+00 4.000000000000000000e+00 3.246488123101301353e-03 -8.197455015011691302e-04 1.089264287807629886e-03
3.000000000000000000e+00 5.000000000000000000e+00 4.068978161302541641e-03 -8.255087625108925055e-04 1.366070298265371864e-03
3.000000000000000000e+00 6.000000000000000000e+00 4.897505648123086364e-03 -8.315439858058025664e-04 1.645466350999862798e-03
3.000000000000000000e+00 7.000000000000000000e+00 5.732066132914146774e-03 -8.372425106743350449e-04 1.927562555422695752e-03
3.000000000000000000e+00 8.000000000000000000e+00 6.571990669471756454e-03 -8.418857550296283444e-04 2.212241211375009283e-03
3.000000000000000000e+00 9.000000000000000000e+00 7.415837642973403462e-03 -8.446507006244171646e-04 2.499116289518782223e-03
3.000000000000000000e+00 1.000000000000000000e+01 8.261292070720590783e-03 -8.446200850937427354e-04 2.787493981039794802e-03
3.000000000000000000e+00 1.100000000000000000e+01 9.105077813160888933e-03 -8.407987747983732690e-04 3.076336136449070620e-03
3.000000000000000000e+00 1.200000000000000000e+01 9.942889620317337321e-03 -8.321377410751337050e-04 3.364229081083498253e-03
3.000000000000000000e+00 1.300000000000000000e+01 1.076935329531115634e-02 -8.175668179510433078e-04 3.649360979299413194e-03
3.000000000000000000e+00 1.400000000000000000e+01 1.157802325621942394e-02 -7.960369196959807964e-04 3.929511539327927051e-03
3.000000000000000000e+00 1.500000000000000000e+01 1.236142713470311794e-02 -7.665715910605309935e-04 4.202058288311131748e-03
3.000000000000000000e+00 1.600000000000000000e+01 1.311116643834048592e-02 -7.283266319091461632e-04 4.464003748055204827e-03
3.000000000000000000e+00 1.700000000000000000e+01 1.381808039852141026e-02 -6.806551173030479795e-04 4.712027427898111617e-03
3.000000000000000000e+00 1.800000000000000000e+01 1.447247667294658188e-02 -6.231735415042505971e-04 4.942565445813726539e-03
3.000000000000000000e+00 1.900000000000000000e+01 1.506442748152991146e-02 -5.558232668031312315e-04 5.151918664842485007e-03
3.000000000000000000e+00 2.000000000000000000e+01 1.558412320655284435e-02 -4.789202694839636565e-04 5.336387472053826311e-03
3.000000000000000000e+00 2.100000000000000000e+01 1.602226802049783877e-02 -3.931857206656034706e-04 5.492427892374864354e-03
3.000000000000000000e+00 2.200000000000000000e+01 1.637049464788405129e-02 -2.997505771698671245e-04 5.616820008653519540e-03
3.000000000000000000e+00 2.300000000000000000e+01 1.662176917483757302e-02 -2.001293128022704759e-04 5.706836269739399940e-03
3.000000000000000000e+00 2.400000000000000000e+01 1.677075327348859224e-02 -9.616116176007147298e-05 5.760394975830702112e-03
4.000000000000000000e+00 0.000000000000000000e+00 0.000000000000000000e+00 -5.395280933193137042e-04 0.000000000000000000e+00
4.000000000000000000e+00 1.000000000000000000e+00 1.079056186638627408e-03 -1.080239907107702737e-03 2.722046785218891311e-04
4.000000000000000000e+00 2.000000000000000000e+00 2.160479814215405473e-03 -1.083715968458134286e-03 5.452014073179918758e-04
4.000000000000000000e+00 3.000000000000000000e+00 3.246488123554895980e-03 -1.089264287546020142e-03 8.197455021405305239e-04
4.000000000000000000e+00 4.000000000000000000e+00 4.339008389307445757e-03 -1.096520933168437621e-03 1.096520933869349172e-03
4.000000000000000000e+00 5.000000000000000000e+00 5.439529989891771222e-03 -1.104972672483780539e-03 1.376102928069854615e-03
4.000000000000000000e+00 6.000000000000000000e+00 6.548953734275006835e-03 -1.113954466970660823e-03 1.658918674272502961e-03
4.000000000000000000e+00 7.000000000000000000e+00 7.667438923833092869e-03 -1.122648061164327471e-03 1.945205850069423471e-03
4.000000000000000000e+00 8.000000000000000000e+00 8.794249856603661777e-03 -1.130083057996883380e-03 2.234968986523931927e-03
4.000000000000000000e+00 9.000000000000000000e+00 9.927605039826859629e-03 -1.135142193755589272e-03 2.527934141034050668e-03
4.000000000000000000e+00 1.000000000000000000e+01 1.106453424411484032e-02 -1.136572803537357068e-03 2.823502918161175865e-03
4.000000000000000000e+00 1.100000000000000000e+01 1.220075064690157376e-02 -1.133006652966371715e-03 3.120707596503990641e-03
4.000000000000000000e+00 1.200000000000000000e+01 1.333054755004758375e-02 -1.122990331272266488e-03 3.418169971977416503e-03
4.000000000000000000e+00 1.300000000000000000e+01 1.444673130944610674e-02 -1.105028162819259897e-03 3.714067477532735292e-03
4.000000000000000000e+00 1.400000000000000000e+01 1.554060387568610355e-02 -1.077638995822006139e-03 4.006111106321546753e-03
4.000000000000000000e+00 1.500000000000000000e+01 1.660200930109011902e-02 -1.039427171199402630e-03 4.291540513031027321e-03
4.000000000000000000e+00 1.600000000000000000e+01 1.761945821808490881e-02 -9.891663988458015283e-04 4.567142195174143937e-03
4.000000000000000000e+00 1.700000000000000000e+01 1.858034209878172208e-02 -9.258931854486188162e-04 4.829296600516419860e-03
4.000000000000000000e+00 1.800000000000000000e+01 1.947124458898214644e-02 -8.490040016129202921e-04 5.074059073014254920e-03
4.000000000000000000e+00 1.900000000000000000e+01 2.027835010200756266e-02 -7.583478441043952495e-04 5.297277467712328478e-03
4.000000000000000000e+00 2.000000000000000000e+01 2.098794027719093694e-02 -6.543037177570345392e-04 5.494745885858969177e-03
4.000000000000000000e+00 2.100000000000000000e+01 2.158695753752163174e-02 -5.378314481316159162e-04 5.662389397722606896e-03
4.000000000000000000e+00 2.200000000000000000e+01 2.206360317345416877e-02 -4.104847841909491785e-04 5.796469281545245725e-03
4.000000000000000000e+00 2.300000000000000000e+01 2.240792710590353010e-02 -2.743784369190101213e-04 5.893793070837859485e-03
4.000000000000000000e+00 2.400000000000000000e+01 2.261236004729218901e-02 -1.321055980518445749e-04 5.951909756733705231e-03
5.000000000000000000e+00 0.000000000000000000e+00 0.000000000000000000e+00 -6.760392911377656119e-04 0.000000000000000000e+00
5.000000000000000000e+00 1.000000000000000000e+00 1.352078582275531224e-03 -1.353694697245164504e-03 2.739076348978742833e-04
5.000000000000000000e+00 2.000000000000000000e+00 2.707389394490329008e-03 -1.358449790152866602e-03 5.487706100465678059e-04
5.000000000000000000e+00 3.000000000000000000e+00 4.068978162581264428e-03 -1.366070298174835345e-03 8.255087635588923001e-04
5.000000000000000000e+00 4.000000000000000000e+00 5.439529990839999697e-03 -1.376102927430493221e-03 1.104972673728636754e-03
5.000000000000000000e+00 5.000000000000000000e+00 6.821184017442250870e-03 -1.387906502914046294e-03 1.387906504232585755e-03
5.000000000000000000e+00 6.000000000000000000e+00 8.215342996668092285e-03 -1.400646907805371422e-03 1.674907973730402518e-03
5.000000000000000000e+00 7.000000000000000000e+00 9.622477833052993715e-03 -1.413292822925764011e-03 1.966384787327775299e-03
5.000000000000000000e+00 8.000000000000000000e+00 1.104192864251962031e-02 -1.424614045994255541e-03 2.262507175280714829e-03
5.000000000000000000e+00 9.000000000000000000e+00 1.247170592504150480e-02 -1.433184632261661103e-03 2.563156634312220399e-03
5.000000000000000000e+00 1.000000000000000000e+01 1.390829790704294251e-02 -1.437393540563682709e-03 2.867871596002368254e-03
5.000000000000000000e+00 1.100000000000000000e+01 1.534649300616887022e-02 -1.435465828614613908e-03 3.175791588700096341e-03
5.000000000000000000e+00 1.200000000000000000e+01 1.677922956427217033e-02 -1.425497622103878356e-03 3.485602533757607528e-03
5.000000000000000000e+00 1.300000000000000000e+01 1.819748825037662693e-02 -1.405507952295173557e-03 3.795487111909161791e-03
5.000000000000000000e+00 1.400000000000000000e+01 1.959024546886251744e-02 -1.373509955194272825e-03 4.103085585607155888e-03
5.000000000000000000e+00 1.500000000000000000e+01 2.094450816076517258e-02 -1.327602679913128178e-03 4.405473921406962909e-03
5.000000000000000000e+00 1.600000000000000000e+01 2.224545082868877380e-02 -1.266082719394538703e-03 4.699167269919096376e-03
5.000000000000000000e+00 1.700000000000000000e+01 2.347667359955424998e-02 -1.187571995143158962e-03 4.980157457062149226e-03
5.000000000000000000e+00 1.800000000000000000e+01 2.462059481897509172e-02 -1.091154408700159215e-03 5.243992645131673180e-03
5.000000000000000000e+00 1.900000000000000000e+01 2.565898241695456841e-02 -9.765100796478454886e-04 5.485905228363650160e-03
5.000000000000000000e+00 2.000000000000000000e+01 2.657361497827078270e-02 -8.440321994942420747e-04 5.700989933257764528e-03
5.000000000000000000e+00 2.100000000000000000e+01 2.734704681594305256e-02 -6.949091163518800185e-04 5.884427908937632859e-03
5.000000000000000000e+00 2.200000000000000000e+01 2.796343321097454274e-02 -5.311542502851197139e-04 6.031744775257447122e-03
5.000000000000000000e+00 2.300000000000000000e+01 2.840935531651329199e-02 -3.555697879907299824e-04 6.139082324230580451e-03
5.000000000000000000e+00 2.400000000000000000e+01 2.867457278695600270e-02 -1.716371895036147149e-04 6.203456710692670933e-03
6.000000000000000000e+00 0.000000000000000000e+00 0.000000000000000000e+00 -8.134357282171879875e-04 0.000000000000000000e+00
6.000000000000000000e+00 1.000000000000000000e+00 1.626871456434375975e-03 -1.629010517154270542e-03 2.756542997793721842e-04
6.000000000000000000e+00 2.000000000000000000e+00 3.258021034308541085e-03 -1.635317097119152411e-03 5.524622108875028650e-04
6.000000000000000000e+00 3.000000000000000000e+00 4.897505650672680580e-03 -1.645466351228089090e-03 8.315439873313517846e-04
6.000000000000000000e+00 4.000000000000000000e+00 6.548953736764719265e-03 -1.658918673842131077e-03 1.113954468851070714e-03
6.000000000000000000e+00 5.000000000000000000e+00 8.215342998356942733e-03 -1.674907972485546303e-03 1.400646909917283630e-03
6.000000000000000000e+00 6.000000000000000000e+00 9.898769681735811871e-03 -1.692432750065850366e-03 1.692432752261867172e-03
6.000000000000000000e+00 7.000000000000000000e+00 1.160020849848864347e-02 -1.710247262714639782e-03 1.989936204545540537e-03
6.000000000000000000e+00 8.000000000000000000e+00 1.331926420716509143e-02 -1.726854904981328480e-03 2.293542754289234348e-03
6.000000000000000000e+00 9.000000000000000000e+00 1.505391830845130043e-02 -1.740506614477242697e-03 2.603341161321640410e-03
6.000000000000000000e+00 1.000000000000000000e+01 1.680027743611957683e-02 -1.749207757925233010e-03 2.919059132807241656e-03
6.000000000000000000e+00 1.100000000000000000e+01 1.855233382430176645e-02 -1.750737590721610989e-03 3.239993827562475184e-03
6.000000000000000000e+00 1.200000000000000000e+01 2.030175261756279881e-02 -1.742685854481331939e-03 3.564939645978159460e-03
6.000000000000000000e+00 1.300000000000000000e+01 2.203770553326443032e-02 -1.722511214668808258e-03 3.892117468061338445e-03
6.000000000000000000e+00 1.400000000000000000e+01 2.374677504690041532e-02 -1.687625805319807257e-03 4.219111581442492459e-03
6.000000000000000000e+00 1.500000000000000000e+01 2.541295714390404484e-02 -1.635508855511343118e-03 4.542822862173332907e-03
6.000000000000000000e+00 1.600000000000000000e+01 2.701779275792310156e-02 -1.563849934500987846e-03 4.859449041588128834e-03
6.000000000000000000e+00 1.700000000000000000e+01 2.854065701290602053e-02 -1.470718560661195620e-03 5.164504612300325342e-03
6.000000000000000000e+00 1.800000000000000000e+01 2.995922987924549280e-02 -1.354751772914421226e-03 5.452893373826588064e-03
6.000000000000000000e+00 1.900000000000000000e+01 3.125016055873486298e-02 -1.215345132230486597e-03 5.719044910910608612e-03
6.000000000000000000e+00 2.000000000000000000e+01 3.238992014370646599e-02 -1.052826398331017238e-03 5.957121574147008700e-03
6.000000000000000000e+00 2.100000000000000000e+01 3.335581335539689746e-02 -8.685862901312985107e-04 6.161294284686666053e-03
6.000000000000000000e+00 2.200000000000000000e+01 3.412709272396906302e-02 -6.651391994838967703e-04 6.326074007763299659e-03
6.000000000000000000e+00 2.300000000000000000e+01 3.468609175436469100e-02 -4.460903723542339328e-04 6.446672562924731648e-03
6.000000000000000000e+00 2.400000000000000000e+01 3.501927346867753088e-02 -2.159959868006135209e-04 6.519354472729731870e-03
7.000000000000000000e+00 0.000000000000000000e+00 0.000000000000000000e+00 -9.516935909171377961e-04 0.000000000000000000e+00
7.000000000000000000e+00 1.000000000000000000e+00 1.903387181834275592e-03 -1.906156908132667369e-03 2.772440718583779216e-04
7.000000000000000000e+00 2.000000000000000000e+00 3.812313816265334738e-03 -1.914339477704846311e-03 5.558732022210412585e-04
7.000000000000000000e+00 3.000000000000000000e+00 5.732066137243967997e-03 -1.927562556138403193e-03 8.372425127351054361e-04
7.000000000000000000e+00 4.000000000000000000e+00 7.667438928542141124e-03 -1.945205850016425066e-03 1.122648063757021326e-03
7.000000000000000000e+00 5.000000000000000000e+00 9.622477837276818130e-03 -1.966384786324842752e-03 1.413292825926801798e-03
7.000000000000000000e+00 6.000000000000000000e+00 1.160020850119182663e-02 -1.989936202433628329e-03 1.710247265976565234e-03
7.000000000000000000e+00 7.000000000000000000e+00 1.360235024214407479e-02 -2.014402824953131187e-03 2.014402828307752455e-03
7.000000000000000000e+00 8.000000000000000000e+00 1.562901415109808900e-02 -2.038019002770355415e-03 2.326416757490562884e-03
7.000000000000000000e+00 9.000000000000000000e+00 1.767838824768478562e-02 -2.058701010779668411e-03 2.646647041984809094e-03
7.000000000000000000e+00 1.000000000000000000e+01 1.974641617265742582e-02 -2.074046206804517484e-03 2.975076862779873696e-03
7.000000000000000000e+00 1.100000000000000000e+01 2.182648066129382058e-02 -2.081346341785531712e-03 3.311228920755119112e-03
7.000000000000000000e+00 1.200000000000000000e+01 2.390910885622848925e-02 -2.077621262602741617e-03 3.654071523545129180e-03
7.000000000000000000e+00 1.300000000000000000e+01 2.598172318649930382e-02 -2.059679887759506556e-03 4.001920454870185745e-03
7.000000000000000000e+00 1.400000000000000000e+01 2.802846863174750236e-02 -2.024215349306267286e-03 4.352343489274121055e-03
7.000000000000000000e+00 1.500000000000000000e+01 3.003015388511183839e-02 -1.967940140058764553e-03 4.702077890168016375e-03
7.000000000000000000e+00 1.600000000000000000e+01 3.196434891186503147e-02 -1.887764469521531138e-03 5.046975054913359002e-03
7.000000000000000000e+00 1.700000000000000000e+01 3.380568282415490067e-02 -1.781016327381618192e-03 5.381990033126737155e-03
7.000000000000000000e+00 1.800000000000000000e+01 3.552638156662826785e-02 -1.645694707310442484e-03 5.701235913374669978e-03
7.000000000000000000e+00 1.900000000000000000e+01 3.709707223877578564e-02 -1.480738279968266125e-03 5.998122609419093143e-03
7.000000000000000000e+00 2.000000000000000000e+01 3.848785812656480010e-02 -1.286281573270299516e-03 6.265594728373603817e-03
7.000000000000000000e+00 2.100000000000000000e+01 3.966963538531638467e-02 -1.063861549968170978e-03 6.496472592931210738e-03
7.000000000000000000e+00 2.200000000000000000e+01 4.061558122650114205e-02 -8.165325285231853081e-04 6.683883820197043801e-03
7.000000000000000000e+00 2.300000000000000000e+01 4.130270044236275528e-02 -5.488502529571621935e-04 6.821751865154629391e-03
7.000000000000000000e+00 2.400000000000000000e+01 4.171328173241546644e-02 -2.666992590676584007e-04 6.905287027472020722e-03
8.000000000000000000e+00 0.000000000000000000e+00 0.000000000000000000e+00 -1.090679800075565909e-03 0.000000000000000000e+00
8.000000000000000000e+00 1.000000000000000000e+00 2.181359600151131818e-03 -2.184883719375311801e-03 2.784413401577091147e-04
8.000000000000000000e+00 2.000000000000000000e+00 4.369767438750623602e-03 -2.195315537995879817e-03 5.585293257205626010e-04
8.000000000000000000e+00 3.000000000000000000e+00 6.571990676142891452e-03 -2.212241212764069157e-03 8.418857576708658336e-04
8.000000000000000000e+00 4.000000000000000000e+00 8.794249864278761916e-03 -2.234968987033827438e-03 1.130083061362147610e-03
8.000000000000000000e+00 5.000000000000000000e+00 1.104192865021054633e-02 -2.262507174705090211e-03 1.424614049959790039e-03
8.000000000000000000e+00 6.000000000000000000e+00 1.331926421368894234e-02 -2.293542752446801024e-03 1.726854909399680449e-03
8.000000000000000000e+00 7.000000000000000000e+00 1.562901415510414838e-02 -2.326416754228637432e-03 2.038019007473433619e-03
8.000000000000000000e+00 8.000000000000000000e+00 1.797209772214621720e-02 -2.359099118658385119e-03 2.359099123460873387e-03
8.000000000000000000e+00 9.000000000000000000e+00 2.034721239242091861e-02 -2.389166719766553509e-03 2.690795845337106904e-03
8.000000000000000000e+00 1.000000000000000000e+01 2.275043116167932422e-02 -2.413789636695543028e-03 3.033430320363543140e-03
8.000000000000000000e+00 1.100000000000000000e+01 2.517479166581200467e-02 -2.429732251486866473e-03 3.386840448477042298e-03
8.000000000000000000e+00 1.200000000000000000e+01 2.760989566465305717e-02 -2.433377388596398572e-03 3.750261195960682969e-03
8.000000000000000000e+00 1.300000000000000000e+01 3.004154644300480181e-02 -2.420783180397800133e-03 4.122192223070192743e-03
8.000000000000000000e+00 1.400000000000000000e+01 3.245146202544865743e-02 -2.387783240617637887e-03 4.500259682805582417e-03
8.000000000000000000e+00 1.500000000000000000e+01 3.481711292424007759e-02 -2.330140421150581065e-03 4.881083960283175496e-03
8.000000000000000000e+00 1.600000000000000000e+01 3.711174286774981956e-02 -2.243762077459708626e-03 5.260171115889465676e-03
8.000000000000000000e+00 1.700000000000000000e+01 3.930463707915949484e-02 -2.124979419122506596e-03 5.631852227689297663e-03
8.000000000000000000e+00 1.800000000000000000e+01 4.136170170599483276e-02 -1.970884349206777214e-03 5.989300354665192533e-03
8.000000000000000000e+00 1.900000000000000000e+01 4.324640577757304927e-02 -1.779703947229420435e-03 6.324657268660733439e-03
8.000000000000000000e+00 2.000000000000000000e+01 4.492110960045367363e-02 -1.551176381843134833e-03 6.629298499933551636e-03
8.000000000000000000e+00 2.100000000000000000e+01 4.634875854125931893e-02 -1.286875381954738495e-03 6.894252561259580497e-03
8.000000000000000000e+00 2.200000000000000000e+01 4.749486036436315062e-02 -9.904184717073154232e-04 7.110766614105794997e-03
8.000000000000000000e+00 2.300000000000000000e+01 4.832959548467394978e-02 -6.674935796292108536e-04 7.270977615029365626e-03
8.000000000000000000e+00 2.400000000000000000e+01 4.882984752362157232e-02 -3.256554203313784257e-04 7.368611424518368980e-03
9.000000000000000000e+00 0.000000000000000000e+00 0.000000000000000000e+00 -1.230134931074846911e-03 0.000000000000000000e+00
9.000000000000000000e+00 1.000000000000000000e+00 2.460269862149693822e-03 -2.464686233853229970e-03 2.789778637840136313e-04
9.000000000000000000e+00 2.000000000000000000e+00 4.929372467706459940e-03 -2.477783895218002921e-03 5.598894263197083145e-04
9.000000000000000000e+00 3.000000000000000000e+00 7.415837652585699664e-03 -2.499116291779988203e-03 8.446507038779851526e-04
9.000000000000000000e+00 4.000000000000000000e+00 9.927605051266436345e-03 -2.527934142305349272e-03 1.135142197936001365e-03
9.000000000000000000e+00 5.000000000000000000e+00 1.247170593719639821e-02 -2.563156634362375591e-03 1.433184637245107917e-03
9.000000000000000000e+00 6.000000000000000000e+00 1.505391831999118753e-02 -2.603341159947271909e-03 1.740506620116447078e-03
9.000000000000000000e+00 7.000000000000000000e+00 1.767838825709094203e-02 -2.646647039014324125e-03 2.058701016906833159e-03
9.000000000000000000e+00 8.000000000000000000e+00 2.034721239801983578e-02 -2.690795840634028699e-03 2.389166726196640875e-03
9.000000000000000000e+00 9.000000000000000000e+00 2.305997993835899942e-02 -2.733032207682338163e-03 2.733032214216672001e-03
9.000000000000000000e+00 1.000000000000000000e+01 2.581327681338451210e-02 -2.770090809944452878e-03 3.091057366114369209e-03
9.000000000000000000e+00 1.100000000000000000e+01 2.860016155824790518e-02 -2.798177217382671542e-03 3.463510776643644734e-03
9.000000000000000000e+00 1.200000000000000000e+01 3.140963124814985519e-02 -2.812973037195892062e-03 3.850021034732465514e-03
9.000000000000000000e+00 1.300000000000000000e+01 3.422610763263968930e-02 -2.809678374604406004e-03 4.249403228378328956e-03
9.000000000000000000e+00 1.400000000000000000e+01 3.702898799735866719e-02 -2.783107086519250040e-03 4.659466282300399331e-03
9.000000000000000000e+00 1.500000000000000000e+01 3.979232180567818938e-02 -2.727851573142647812e-03 5.076813257078809094e-03
9.000000000000000000e+00 1.600000000000000000e+01 4.248469114364396282e-02 -2.638532736927653305e-03 5.496655541291878971e-03
9.000000000000000000e+00 1.700000000000000000e+01 4.506938727953349599e-02 -2.510145566157345048e-03 5.912672511963552174e-03
9.000000000000000000e+00 1.800000000000000000e+01 4.750498227595865292e-02 -2.338499748281878260e-03 6.316959211010220177e-03
9.000000000000000000e+00 1.900000000000000000e+01 4.974638677609725251e-02 -2.120736425236625228e-03 6.700112825750177692e-03
9.000000000000000000e+00 2.000000000000000000e+01 5.174645512643190337e-02 -1.855876865869146575e-03 7.051509445663135811e-03
9.000000000000000000e+00 2.100000000000000000e+01 5.345814050783554566e-02 -1.545329664140414339e-03 7.359809655728671157e-03
9.000000000000000000e+00 2.200000000000000000e+01 5.483711445471273205e-02 -1.193257582292970437e-03 7.613699690091610406e-03
9.000000000000000000e+00 2.300000000000000000e+01 5.584465567242148654e-02 -8.066950633697361761e-04 7.802823116127250574e-03
9.000000000000000000e+00 2.400000000000000000e+01 5.645050458145220440e-02 -3.953256970620142030e-04 7.918794235856674302e-03
1.000000000000000000e+01 0.000000000000000000e+00 0.000000000000000000e+00 -1.369657663859579540e-03 0.000000000000000000e+00
1.000000000000000000e+01 1.000000000000000000e+00 2.739315327719159081e-03 -2.744773145695020115e-03 2.785567298294034082e-04
1.000000000000000000e+01 2.000000000000000000e+00 5.489546291390040231e-03 -2.760988378089851338e-03 5.593529592568908734e-04
1.000000000000000000e+01 3.000000000000000000e+00 8.261292083898861757e-03 -2.787493984380362208e-03 8.446200889774151989e-04
1.000000000000000000e+01 4.000000000000000000e+00 1.106453426015076465e-02 -2.823502920400950203e-03 1.136572808556848835e-03
1.000000000000000000e+01 5.000000000000000000e+00 1.390829792470076216e-02 -2.867871596885535924e-03 1.437393546595344858e-03
1.000000000000000000e+01 6.000000000000000000e+00 1.680027745392183650e-02 -2.919059132108526265e-03 1.749207764822229873e-03
1.000000000000000000e+01 7.000000000000000000e+00 1.974641618891781469e-02 -2.975076860308831228e-03 2.074046214399653809e-03
1.000000000000000000e+01 8.000000000000000000e+00 2.275043117453949895e-02 -3.033430315968223961e-03 2.413789644804403833e-03
1.000000000000000000e+01 9.000000000000000000e+00 2.581327682085426262e-02 -3.091057359684281844e-03 2.770090818368863353e-03
1.000000000000000000e+01 1.000000000000000000e+01 2.893254589390806264e-02 -3.144268199122515761e-03 3.144268207654203270e-03
1.000000000000000000e+01 1.100000000000000000e+01 3.210181321909929414e-02 -3.188695920104962778e-03 3.537165721171679766e-03
1.000000000000000000e+01 1.200000000000000000e+01 3.530993773411798820e-02 -3.219269840331082794e-03 3.948973653151031243e-03
1.000000000000000000e+01 1.300000000000000000e+01 3.854035289976145973e-02 -3.230228427965733951e-03 4.379008413401646455e-03
1.000000000000000000e+01 1.400000000000000000e+01 4.177039459004945610e-02 -3.215193269318118025e-03 4.825453286140188314e-03
1.000000000000000000e+01 1.500000000000000000e+01 4.497073943839769578e-02 -3.167329680142060705e-03 5.285070430551642301e-03
1.000000000000000000e+01 1.600000000000000000e+01 4.810505395033357751e-02 -3.079621332344451706e-03 5.752906391499362782e-03
1.000000000000000000e+01 1.700000000000000000e+01 5.112998210308659919e-02 -2.945283088840847802e-03 6.222029753305186039e-03
1.000000000000000000e+01 1.800000000000000000e+01 5.399562012801527311e-02 -2.758324662993402732e-03 6.683359043784049131e-03
1.000000000000000000e+01 1.900000000000000000e+01 5.664663142907340465e-02 -2.514254181882336070e-03 7.125657867887182778e-03
1.000000000000000000e+01 2.000000000000000000e+01 5.902412849177994525e-02 -2.210873211821628298e-03 7.535785253613279389e-03
1.000000000000000000e+01 2.100000000000000000e+01 6.106837785271666125e-02 -1.849065626383213090e-03 7.899281369863061369e-03
1.000000000000000000e+01 2.200000000000000000e+01 6.272225974454637143e-02 -1.433431932105894840e-03 8.201329689312648885e-03
1.000000000000000000e+01 2.300000000000000000e+01 6.393524171692845093e-02 -9.725881253942747495e-04 8.428058494451766414e-03
1.000000000000000000e+01 2.400000000000000000e+01 6.466743599533492093e-02 -4.789603609598458434e-04 8.568034134756652431e-03
1.100000000000000000e+01 0.000000000000000000e+00 0.000000000000000000e+00 -1.508691660904250319e-03 0.000000000000000000e+00
1.100000000000000000e+01 1.000000000000000000e+00 3.017383321808500638e-03 -3.024039193110120843e-03 2.768583190221789517e-04
1.100000000000000000e+01 2.000000000000000000e+00 6.048078386220241687e-03 -3.043847254366014929e-03 5.562715559954234217e-04
1.100000000000000000e+01 3.000000000000000000e+00 9.105077830540530062e-03 -3.076336141079946164e-03 8.407987793153746253e-04
1.100000000000000000e+01 4.000000000000000000e+00 1.220075066838013401e-02 -3.120707599923278931e-03 1.133006658829613898e-03
1.100000000000000000e+01 5.000000000000000000e+00 1.534649303038708792e-02 -3.175791590627756629e-03 1.435465835700919408e-03
1.100000000000000000e+01 6.000000000000000000e+00 1.855233384963564727e-02 -3.239993827751580860e-03 1.750737598884962928e-03
1.100000000000000000e+01 7.000000000000000000e+00 2.182648068589024964e-02 -3.311228918996498086e-03 2.081346350859752253e-03
1.100000000000000000e+01 8.000000000000000000e+00 2.517479168762864344e-02 -3.386840444603238243e-03 2.429732261288652592e-03
1.100000000000000000e+01 9.000000000000000000e+00 2.860016157509672613e-02 -3.463510770532137600e-03 2.798177227714842424e-03
1.100000000000000000e+01 1.000000000000000000e+01 3.210181322869291864e-02 -3.537165712747269292e-03 3.188695930759988251e-03
1.100000000000000000e+01 1.100000000000000000e+01 3.567449300059126471e-02 -3.602882662879499515e-03 3.602882673643132555e-03
1.100000000000000000e+01 1.200000000000000000e+01 3.930757855445191767e-02 -3.654815729425858750e-03 4.041704343203868233e-03
1.100000000000000000e+01 1.300000000000000000e+01 4.298412445944298221e-02 -3.686158007593563074e-03 4.505231057856707438e-03
1.100000000000000000e+01 1.400000000000000000e+01 4.667989456963904382e-02 -3.689169103669245886e-03 4.992300130170778533e-03
1.100000000000000000e+01 1.500000000000000000e+01 5.036246266678147399e-02 -3.655304678501822280e-03 5.500117562626794659e-03
1.100000000000000000e+01 1.600000000000000000e+01 5.399050392664268838e-02 -3.575492059681197043e-03 6.023816385047304350e-03
1.100000000000000000e+01 1.700000000000000000e+01 5.751344678614386807e-02 -3.440598218442031397e-03 6.556014423135962665e-03
1.100000000000000000e+01 1.800000000000000000e+01 6.087170036352675118e-02 -3.242127862863874999e-03 7.086445770121484189e-03
1.100000000000000000e+01 1.900000000000000000e+01 6.399770251187161807e-02 -2.973162635065855486e-03 7.601776996809854470e-03
1.100000000000000000e+01 2.000000000000000000e+01 6.681802563365846215e-02 -2.629500367845025166e-03 8.085751406334017177e-03
1.100000000000000000e+01 2.100000000000000000e+01 6.925670324756166840e-02 -2.210874099839783835e-03 8.519814333573998838e-03
1.100000000000000000e+01 2.200000000000000000e+01 7.123977383333802982e-02 -1.722034706881675481e-03 8.884333968447261087e-03
1.100000000000000000e+01 2.300000000000000000e+01 7.270077266132501936e-02 -1.173399508813739722e-03 9.160420806296906693e-03
1.100000000000000000e+01 2.400000000000000000e+01 7.358657285096550926e-02 -5.809538244862244571e-04 9.332160643934633848e-03
1.200000000000000000e+01 0.000000000000000000e+00 0.000000000000000000e+00 -1.646515982881758492e-03 0.000000000000000000e+00
1.200000000000000000e+01 1.000000000000000000e+00 3.293031965763516984e-03 -3.301044701690443537e-03 2.735486692276483181e-04
1.200000000000000000e+01 2.000000000000000000e+00 6.602089403380887074e-03 -3.324928838383047012e-03 5.499654919097355169e-04
1.200000000000000000e+01 3.000000000000000000e+00 9.942889642529611008e-03 -3.364229087214552685e-03 8.321377462139449566e-04
1.200000000000000000e+01 4.000000000000000000e+00 1.333054757780999244e-02 -3.418169976786494986e-03 1.122990337964411590e-03
1.200000000000000000e+01 5.000000000000000000e+00 1.677922959610260098e-02 -3.485602536940884955e-03 1.425497630227064508e-03
1.200000000000000000e+01 6.000000000000000000e+00 2.030175265169176235e-02 -3.564939647267359110e-03 1.742685863890834630e-03
1.200000000000000000e+01 7.000000000000000000e+00 2.390910889063731920e-02 -3.654071522712520892e-03 2.077621273133958141e-03
1.200000000000000000e+01 8.000000000000000000e+00 2.760989569711680414e-02 -3.750261192823314133e-03 2.433377400067712054e-03
1.200000000000000000e+01 9.000000000000000000e+00 3.140963127628394747e-02 -3.850021029155617502e-03 2.812973049411787024e-03
1.200000000000000000e+01 1.000000000000000000e+01 3.530993775542803914e-02 -3.948973645050805892e-03 3.219269853085442862e-03
1.200000000000000000e+01 1.100000000000000000e+01 3.930757856638555925e-02 -4.041704332548842760e-03 3.654815742505448245e-03
1.200000000000000000e+01 1.200000000000000000e+01 4.339334642052572466e-02 -4.121618224544657677e-03 4.121618237732656981e-03
1.200000000000000000e+01 1.300000000000000000e+01 4.755081501547487460e-02 -4.180824214932644250e-03 4.620830307974402307e-03
1.200000000000000000e+01 1.400000000000000000e+01 5.175499485039101316e-02 -4.210079774088205246e-03 5.152333296776202831e-03
1.200000000000000000e+01 1.500000000000000000e+01 5.597097456365128509e-02 -4.198845935018586523e-03 5.714208653065461219e-03
1.200000000000000000e+01 1.600000000000000000e+01 6.015268672042818621e-02 -4.135518192853619712e-03 6.302106640329034615e-03
1.200000000000000000e+01 1.700000000000000000e+01 6.424201094935852452e-02 -4.007912473915027640e-03 6.908550179556965931e-03
1.200000000000000000e+01 1.800000000000000000e+01 6.816851166825824149e-02 -3.804087236667294536e-03 7.522259187434952865e-03
1.200000000000000000e+01 1.900000000000000000e+01 7.185018542269311359e-02 -3.513559818094869058e-03 8.127644990457205676e-03
1.200000000000000000e+01 2.000000000000000000e+01 7.519563130444797960e-02 -3.128910548585772666e-03 8.704696008979925792e-03
1.200000000000000000e+01 2.100000000000000000e+01 7.810800651986465892e-02 -2.647648188496457000e-03 9.229528741490612698e-03
1.200000000000000000e+01 2.200000000000000000e+01 8.049092768144089360e-02 -2.074038404828802695e-03 9.675864754444901683e-03
1.200000000000000000e+01 2.300000000000000000e+01 8.225608332952226431e-02 -1.420414800881647510e-03 1.001755375114968954e-02
1.200000000000000000e+01 2.400000000000000000e+01 8.333175728320418862e-02 -7.073941793127799804e-04 1.023195333167308679e-02
1.300000000000000000e+01 0.000000000000000000e+00 0.000000000000000000e+00 -1.782240330131898637e-03 0.000000000000000000e+00
1.300000000000000000e+01 1.000000000000000000e+00 3.564480660263797274e-03 -3.574004685019856360e-03 2.682905245266651792e-04
1.300000000000000000e+01 2.000000000000000000e+00 7.148009370039712720e-03 -3.602436331352311567e-03 5.397457084599772102e-04
1.300000000000000000e+01 3.000000000000000000e+00 1.076935332296841998e-02 -3.649360987134622238e-03 8.175668236854692628e-04
1.300000000000000000e+01 4.000000000000000000e+00 1.444673134430895720e-02 -3.714067483936398482e-03 1.105028170306038456e-03
1.300000000000000000e+01 5.000000000000000000e+00 1.819748829084121694e-02 -3.795487116554179668e-03 1.405507961413388421e-03
1.300000000000000000e+01 6.000000000000000000e+00 2.203770557741731653e-02 -3.892117470658474493e-03 1.722511225275606683e-03
1.300000000000000000e+01 7.000000000000000000e+00 2.598172323215816593e-02 -4.001920455173375510e-03 2.059679899692535773e-03
1.300000000000000000e+01 8.000000000000000000e+00 3.004154648776406755e-02 -4.122192220881067126e-03 2.420783193477868411e-03
1.300000000000000000e+01 9.000000000000000000e+00 3.422610767392030018e-02 -4.249403223549868408e-03 2.809678388638433416e-03
1.300000000000000000e+01 1.000000000000000000e+01 3.854035293486380437e-02 -4.379008405840930512e-03 3.230228442749869672e-03
1.300000000000000000e+01 1.100000000000000000e+01 4.298412448560216120e-02 -4.505231047526713634e-03 3.686158022916441457e-03
1.300000000000000000e+01 1.200000000000000000e+01 4.755081502991723164e-02 -4.620830294894812812e-03 4.180824230578725903e-03
1.300000000000000000e+01 1.300000000000000000e+01 5.222578507539178683e-02 -4.716873066637108924e-03 4.716873082390073829e-03
1.300000000000000000e+01 1.400000000000000000e+01 5.698456116319144948e-02 -4.782547448760304798e-03 5.295749614481367468e-03
1.300000000000000000e+01 1.500000000000000000e+01 6.179087997291239642e-02 -4.805078022054654063e-03 5.917031708972377013e-03
1.300000000000000000e+01 1.600000000000000000e+01 6.659471720730075761e-02 -4.769833586172701756e-03 6.577571144087621113e-03
1.300000000000000000e+01 1.700000000000000000e+01 7.133054714525779993e-02 -4.660750765547949648e-03 7.270458381401403991e-03
1.300000000000000000e+01 1.800000000000000000e+01 7.591621873839665691e-02 -4.461222673764114743e-03 7.983890535807912359e-03
1.300000000000000000e+01 1.900000000000000000e+01 8.025299249278602942e-02 -4.155599456610828413e-03 8.700123258868722176e-03
1.300000000000000000e+01 2.000000000000000000e+01 8.422741765161831373e-02 -3.731384118878432188e-03 9.394824381461525098e-03
1.300000000000000000e+01 2.100000000000000000e+01 8.771576073054289380e-02 -3.182042845304759726e-03 1.003729051147841944e-02
1.300000000000000000e+01 2.200000000000000000e+01 9.059150334222783318e-02 -2.510059716540752328e-03 1.059206078627528830e-02
1.300000000000000000e+01 2.300000000000000000e+01 9.273588016362439845e-02 -1.729488086041924833e-03 1.102233360423720415e-02
1.300000000000000000e+01 2.400000000000000000e+01 9.405047951431168285e-02 -8.669407553345831463e-04 1.129511849863738121e-02
1.400000000000000000e+01 0.000000000000000000e+00 0.000000000000000000e+00 -1.914806507408423671e-03 0.000000000000000000e+00
1.400000000000000000e+01 1.000000000000000000e+00 3.829613014816847343e-03 -3.840790410150420747e-03 2.607571774431488489e-04
1.400000000000000000e+01 2.000000000000000000e+00 7.681580820300841494e-03 -3.874205137541851095e-03 5.249416910654176871e-04
1.400000000000000000e+01 3.000000000000000000e+00 1.157802328990054953e-02 -3.929511549060613930e-03 7.960369259854722934e-04
1.400000000000000000e+01 4.000000000000000000e+00 1.554060391842206935e-02 -4.006111114514414144e-03 1.077639004050150867e-03
1.400000000000000000e+01 5.000000000000000000e+00 1.959024551892937782e-02 -4.103085591910453182e-03 1.373509965242106917e-03
1.400000000000000000e+01 6.000000000000000000e+00 2.374677510224297572e-02 -4.219111585546506463e-03 1.687625817047044494e-03
1.400000000000000000e+01 7.000000000000000000e+00 2.802846869002239075e-02 -4.352343490914782620e-03 2.024215362553562908e-03
1.400000000000000000e+01 8.000000000000000000e+00 3.245146208407254096e-02 -4.500259681769211775e-03 2.387783255209094402e-03
1.400000000000000000e+01 9.000000000000000000e+00 3.702898805356081430e-02 -4.659466278427618763e-03 2.783107102265154620e-03
1.400000000000000000e+01 1.000000000000000000e+01 4.177039464092777848e-02 -4.825453279328813933e-03 3.215193286017853369e-03
1.400000000000000000e+01 1.100000000000000000e+01 4.667989461221844216e-02 -4.992300120377698991e-03 3.689169121114350275e-03
1.400000000000000000e+01 1.200000000000000000e+01 5.175499488168317647e-02 -5.152333284018290049e-03 4.210079792065495041e-03
1.400000000000000000e+01 1.300000000000000000e+01 5.698456118025502226e-02 -5.295749598835285815e-03 4.782547467055031643e-03
1.400000000000000000e+01 1.400000000000000000e+01 6.234649407935374810e-02 -5.410238400670508430e-03 5.410238419069499094e-03
1.400000000000000000e+01 1.500000000000000000e+01 6.780503798159603912e-02 -5.480667464624840168e-03 6.095075460712910675e-03
1.400000000000000000e+01 1.600000000000000000e+01 7.330782900860342843e-02 -5.488944865282646690e-03 6.836134933850310236e-03
1.400000000000000000e+01 1.700000000000000000e+01 7.878292771216133250e-02 -5.414231865635318885e-03 7.628193222833257181e-03
1.400000000000000000e+01 1.800000000000000000e+01 8.413629273987406620e-02 -5.233752114134612721e-03 8.459957978808482770e-03
1.400000000000000000e+01 1.900000000000000000e+01 8.925043194043055794e-02 -4.924493663748481798e-03 9.312160106339353871e-03
1.400000000000000000e+01 2.000000000000000000e+01 9.398528006737102980e-02 -4.466077801195469932e-03 1.015591476337576737e-02
1.400000000000000000e+01 2.100000000000000000e+01 9.818258754282149781e-02 -3.844884593310220200e-03 1.095207005446816734e-02
1.400000000000000000e+01 2.200000000000000000e+01 1.016750492539914702e-01 -3.059081497587587406e-03 1.165255244848375366e-02
1.400000000000000000e+01 2.300000000000000000e+01 1.043007505379966726e-01 -2.123472513243740423e-03 1.220474572755574777e-02
1.400000000000000000e+01 2.400000000000000000e+01 1.059219942804789510e-01 -1.072275213105655656e-03 1.255932413803301922e-02
1.500000000000000000e+01 0.000000000000000000e+00 0.000000000000000000e+00 -2.042997507575047486e-03 0.000000000000000000e+00
1.500000000000000000e+01 1.000000000000000000e+00 4.085995015150094972e-03 -4.098946376085274047e-03 2.506489447665011597e-04
1.500000000000000000e+01 2.000000000000000000e+00 8.197892752170548095e-03 -4.137716079894634795e-03 5.049349670606557983e-04
1.500000000000000000e+01 3.000000000000000000e+00 1.236142717493936456e-02 -4.202058300119355418e-03 7.665715978507764428e-04
1.500000000000000000e+01 4.000000000000000000e+00 1.660200935240925893e-02 -4.291540523193033106e-03 1.039427180097421237e-03
1.500000000000000000e+01 5.000000000000000000e+00 2.094450822132543077e-02 -4.405473929551073295e-03 1.327602690802568569e-03
1.500000000000000000e+01 6.000000000000000000e+00 2.541295721151140552e-02 -4.542822867969930484e-03 1.635508868255270559e-03
1.500000000000000000e+01 7.000000000000000000e+00 3.003015395726529174e-02 -4.702077893335425418e-03 1.967940154501716596e-03
1.500000000000000000e+01 8.000000000000000000e+00 3.481711299818225636e-02 -4.881083960592658838e-03 2.330140437120917229e-03
1.500000000000000000e+01 9.000000000000000000e+00 3.979232187845060942e-02 -5.076813254358627375e-03 2.727851590455090958e-03
1.500000000000000000e+01 1.000000000000000000e+01 4.497073950689951111e-02 -5.285070424690126167e-03 3.167329698600351157e-03
1.500000000000000000e+01 1.100000000000000000e+01 5.036246272783086175e-02 -5.500117553574355306e-03 3.655304697901585326e-03
1.500000000000000000e+01 1.200000000000000000e+01 5.597097461404822172e-02 -5.714208640835494180e-03 4.198845955150225934e-03
1.500000000000000000e+01 1.300000000000000000e+01 6.179088000950185011e-02 -5.917031693641112977e-03 4.805078042706252550e-03
1.500000000000000000e+01 1.400000000000000000e+01 6.780503800133044767e-02 -6.095075442418183831e-03 5.480667485585073717e-03
1.500000000000000000e+01 1.500000000000000000e+01 7.398103089433821777e-02 -6.230974536835465205e-03 6.230974557896513943e-03
1.500000000000000000e+01 1.600000000000000000e+01 8.026698707500137808e-02 -6.302951348293048262e-03 7.058741339850148344e-03
1.500000000000000000e+01 1.700000000000000000e+01 8.658693359092431430e-02 -6.284573810506122182e-03 7.962184988451664891e-03
1.500000000000000000e+01 1.800000000000000000e+01 9.283613469601362245e-02 -6.145189557270211433e-03 8.932416520060861009e-03
1.500000000000000000e+01 1.900000000000000000e+01 9.887731270546473716e-02 -5.851556241178113016e-03 9.950265143696561398e-03
1.500000000000000000e+01 2.000000000000000000e+01 1.045392471783698485e-01 -5.371294067007245654e-03 1.098292856105047982e-02
1.500000000000000000e+01 2.100000000000000000e+01 1.096199008394792285e-01 -4.678680530412746008e-03 1.198144544686083335e-02
1.500000000000000000e+01 2.200000000000000000e+01 1.138966082391953405e-01 -3.762735389628332761e-03 1.288073650341029636e-02
1.500000000000000000e+01 2.300000000000000000e+01 1.171453716187358940e-01 -2.636259775591190402e-03 1.360452573032171208e-02
1.500000000000000000e+01 2.400000000000000000e+01 1.191691277903777213e-01 -1.342597863062483521e-03 1.407699246298157320e-02
1.600000000000000000e+01 0.000000000000000000e+00 0.000000000000000000e+00 -2.165455452174924831e-03 0.000000000000000000e+00
1.600000000000000000e+01 1.000000000000000000e+00 4.330910904349849662e-03 -4.345725377211076546e-03 2.377117654853749991e-04
1.600000000000000000e+01 2.000000000000000000e+00 8.691450754422153091e-03 -4.390127790626125945e-03 4.791972641354858356e-04
1.600000000000000000e+01 3.000000000000000000e+00 1.311116648560210242e-02 -4.464003762097379369e-03 7.283266391328894682e-04
1.600000000000000000e+01 4.000000000000000000e+00 1.761945827861691183e-02 -4.567142207466206270e-03 9.891664083250522460e-04
1.600000000000000000e+01 5.000000000000000000e+00 2.224545090053451496e-02 -4.699167280068302505e-03 1.266082731016308222e-03
1.600000000000000000e+01 6.000000000000000000e+00 2.701779283875351684e-02 -4.859449049245654489e-03 1.563849948132545534e-03
1.600000000000000000e+01 7.000000000000000000e+00 3.196434899902582394e-02 -5.046975059780429290e-03 1.887764485012290855e-03
1.600000000000000000e+01 8.000000000000000000e+00 3.711174295831437542e-02 -5.260171117722586137e-03 2.243762094643365901e-03
1.600000000000000000e+01 9.000000000000000000e+00 4.248469123447099621e-02 -5.496655539907052690e-03 2.638532755624506398e-03
1.600000000000000000e+01 1.000000000000000000e+01 4.810505403812848080e-02 -5.752906386775308301e-03 3.079621352363878795e-03
1.600000000000000000e+01 1.100000000000000000e+01 5.399050400802161281e-02 -6.023816376927573768e-03 3.575492080824228813e-03
1.600000000000000000e+01 1.200000000000000000e+01 6.015268679198362833e-02 -6.302106628822957274e-03 4.135518214915596957e-03
1.600000000000000000e+01 1.300000000000000000e+01 6.659471726566752736e-02 -6.577571129270133599e-03 4.769833608945978076e-03
1.600000000000000000e+01 1.400000000000000000e+01 7.330782905052389553e-02 -6.836134915860769823e-03 5.488944888559207924e-03
1.600000000000000000e+01 1.500000000000000000e+01 8.026698709738906701e-02 -7.058741318889914795e-03 6.302951371867239472e-03
1.600000000000000000e+01 1.600000000000000000e+01 8.742531168830372512e-02 -7.220155295837797638e-03 7.220155319508786418e-03
1.600000000000000000e+01 1.700000000000000000e+01 9.470729768906466228e-02 -7.287907045846031551e-03 8.244781871126788397e-03
1.600000000000000000e+01 1.800000000000000000e+01 1.020011257799957882e-01 -7.221832269379509228e-03 9.373505698123937857e-03
1.600000000000000000e+01 1.900000000000000000e+01 1.091509622278236807e-01 -6.975005704738100609e-03 1.059058776856540429e-02
1.600000000000000000e+01 2.000000000000000000e+01 1.159511371894719894e-01 -6.497258104359741882e-03 1.186181937489452776e-02
1.600000000000000000e+01 2.100000000000000000e+01 1.221454784365431645e-01 -5.742692535670036735e-03 1.312837276146036625e-02
1.600000000000000000e+01 2.200000000000000000e+01 1.274365222608120629e-01 -4.682161781048466143e-03 1.430322699376615492e-02
1.600000000000000000e+01 2.300000000000000000e+01 1.315098019986400968e-01 -3.319728472815017262e-03 1.527478181671680646e-02
1.600000000000000000e+01 2.400000000000000000e+01 1.340759792064420974e-01 -1.708122477412060691e-03 1.592311051431415103e-02
1.700000000000000000e+01 0.000000000000000000e+00 0.000000000000000000e+00 -2.280709273060422485e-03 0.000000000000000000e+00
1.700000000000000000e+01 1.000000000000000000e+00 4.561418546120844970e-03 -4.578143640220759883e-03 2.217569923443321774e-04
1.700000000000000000e+01 2.000000000000000000e+00 9.156287280441519766e-03 -4.628330953542149698e-03 4.473314928016549827e-04
1.700000000000000000e+01 3.000000000000000000e+00 1.381808045320514350e-02 -4.712027444308921828e-03 6.806551248811389121e-04
1.700000000000000000e+01 4.000000000000000000e+00 1.858034216905936342e-02 -4.829296615076451860e-03 9.258931954047120577e-04
1.700000000000000000e+01 5.000000000000000000e+00 2.347667368335804722e-02 -4.980157469358566583e-03 1.187572007368443983e-03
1.700000000000000000e+01 6.000000000000000000e+00 2.854065710777649659e-02 -5.164504621965913117e-03 1.470718575028074834e-03
1.700000000000000000e+01 7.000000000000000000e+00 3.380568292728987345e-02 -5.381990039846245785e-03 1.781016343745434743e-03
1.700000000000000000e+01 8.000000000000000000e+00 3.930463718746898816e-02 -5.631852231204874382e-03 2.124979437323468168e-03
1.700000000000000000e+01 9.000000000000000000e+00 4.506938738969962222e-02 -5.912672512079140269e-03 2.510145586022610731e-03
1.700000000000000000e+01 1.000000000000000000e+01 5.112998221162726870e-02 -6.222029749889848582e-03 2.945283110186783238e-03
1.700000000000000000e+01 1.100000000000000000e+01 5.751344688947931938e-02 -6.556014416126073469e-03 3.440598241076509023e-03
1.700000000000000000e+01 1.200000000000000000e+01 6.424201104387941563e-02 -6.908550168957243443e-03 4.007912497639848359e-03
1.700000000000000000e+01 1.300000000000000000e+01 7.133054722739380626e-02 -7.270458367284723944e-03 4.660750790161281853e-03
1.700000000000000000e+01 1.400000000000000000e+01 7.878292777844886352e-02 -7.628193205339445226e-03 5.414231890934109725e-03
1.700000000000000000e+01 1.500000000000000000e+01 8.658693363807269672e-02 -7.962184967785043699e-03 6.284573836288491477e-03
1.700000000000000000e+01 1.600000000000000000e+01 9.470729771401895092e-02 -8.244781847552597187e-03 7.287907071913610202e-03
1.700000000000000000e+01 1.700000000000000000e+01 1.030764973331778911e-01 -8.437924189121273622e-03 8.437924215281306095e-03
1.700000000000000000e+01 1.800000000000000000e+01 1.115831460922614982e-01 -8.490995454708827328e-03 9.741711522454669925e-03
1.700000000000000000e+01 1.900000000000000000e+01 1.200584882425955457e-01 -8.339869917948702915e-03 1.119300143159459443e-02
1.700000000000000000e+01 2.000000000000000000e+01 1.282628859281589040e-01 -7.909079059902207609e-03 1.276231162924878343e-02
1.700000000000000000e+01 2.100000000000000000e+01 1.358766463623999610e-01 -7.120088149284373169e-03 1.438450595380140473e-02
1.700000000000000000e+01 2.200000000000000000e+01 1.425030622267276503e-01 -5.909144444884772973e-03 1.594699317745808254e-02
1.700000000000000000e+01 2.300000000000000000e+01 1.476949352521695069e-01 -4.256143296139186516e-03 1.728658329370502678e-02
1.700000000000000000e+01 2.400000000000000000e+01 1.510153488190060234e-01 -2.218610997725939393e-03 1.820839880027566582e-02
1.800000000000000000e+01 0.000000000000000000e+00 0.000000000000000000e+00 -2.387212444519257008e-03 0.000000000000000000e+00
1.800000000000000000e+01 1.000000000000000000e+00 4.774424889038514017e-03 -4.793056870012731528e-03 2.026810089727740412e-04
1.800000000000000000e+01 2.000000000000000000e+00 9.586113740025463056e-03 -4.849025923162933113e-03 4.091127699546327073e-04
1.800000000000000000e+01 3.000000000000000000e+00 1.447247673536438024e-02 -4.942565464700436444e-03 6.231735493469094112e-04
1.800000000000000000e+01 4.000000000000000000e+00 1.947124466942633594e-02 -5.074059089953511341e-03 8.490040119273900565e-04
1.800000000000000000e+01 5.000000000000000000e+00 2.462059491527140292e-02 -5.243992659691665281e-03 1.091154421382658363e-03
1.800000000000000000e+01 6.000000000000000000e+00 2.995922998880966651e-02 -5.452893385622645250e-03 1.354751787843491359e-03
1.800000000000000000e+01 7.000000000000000000e+00 3.552638168651669343e-02 -5.701235922075822624e-03 1.645694724348480131e-03
1.800000000000000000e+01 8.000000000000000000e+00 4.136170183296131175e-02 -5.989300359999762124e-03 1.970884368201746006e-03
1.800000000000000000e+01 9.000000000000000000e+00 4.750498240651621767e-02 -6.316959212770367760e-03 2.338499769069166817e-03
1.800000000000000000e+01 1.000000000000000000e+01 5.399562025850204727e-02 -6.683359041829206593e-03 2.758324685397817860e-03
1.800000000000000000e+01 1.100000000000000000e+01 6.087170049017463086e-02 -7.086445764380638890e-03 3.242127886701695605e-03
1.800000000000000000e+01 1.200000000000000000e+01 6.816851178726332505e-02 -7.522259177907730104e-03 3.804087261748405335e-03
1.800000000000000000e+01 1.300000000000000000e+01 7.591621884599009107e-02 -7.983890522564394965e-03 4.461222699894164256e-03
1.800000000000000000e+01 1.400000000000000000e+01 8.413629283239211498e-02 -8.459957961987979447e-03 5.233752141117251067e-03
1.800000000000000000e+01 1.500000000000000000e+01 9.283613476996604996e-02 -8.932416499869415272e-03 6.145189584909123426e-03
1.800000000000000000e+01 1.600000000000000000e+01 1.020011258321309455e-01 -9.373505674830612255e-03 7.221832297480551555e-03
1.800000000000000000e+01 1.700000000000000000e+01 1.115831461196272745e-01 -9.741711496387091274e-03 8.490995483081992257e-03
1.800000000000000000e+01 1.800000000000000000e+01 1.214845488249051281e-01 -9.976909485692797563e-03 9.976909514154100322e-03
1.800000000000000000e+01 1.900000000000000000e+01 1.315369650910128696e-01 -9.995605811532214113e-03 1.169262329092074504e-02
1.800000000000000000e+01 2.000000000000000000e+01 1.414757604479695563e-01 -9.688762626566552183e-03 1.362580367173597817e-02
1.800000000000000000e+01 2.100000000000000000e+01 1.509144903441459740e-01 -8.927374083879335842e-03 1.571679138115267271e-02
1.800000000000000000e+01 2.200000000000000000e+01 1.593305086157282280e-01 -7.584239120952088187e-03 1.783055392981741649e-02
1.800000000000000000e+01 2.300000000000000000e+01 1.660829685860501503e-01 -5.581134095632600545e-03 1.973338770716905055e-02
1.800000000000000000e+01 2.400000000000000000e+01 1.704927768069934291e-01 -2.960618547855675686e-03 2.110225009974048271e-02
1.900000000000000000e+01 0.000000000000000000e+00 0.000000000000000000e+00 -2.483390282033196526e-03 0.000000000000000000e+00
1.900000000000000000e+01 1.000000000000000000e+00 4.966780564066393053e-03 -4.987256410175392590e-03 1.804829095593484499e-04
1.900000000000000000e+01 2.000000000000000000e+00 9.974512820350785181e-03 -5.048823493916284634e-03 3.645258232583869010e-04
1.900000000000000000e+01 3.000000000000000000e+00 1.506442755189896232e-02 -5.151918686281679177e-03 5.558232748114032284e-04
1.900000000000000000e+01 4.000000000000000000e+00 2.027835019291414353e-02 -5.297277487112200811e-03 7.583478546465977771e-04
1.900000000000000000e+01 5.000000000000000000e+00 2.565898252612336394e-02 -5.485905245274667885e-03 9.765100926261392755e-04
1.900000000000000000e+01 6.000000000000000000e+00 3.125016068346347931e-02 -5.719044924931734886e-03 1.215345147530600203e-03
1.900000000000000000e+01 7.000000000000000000e+00 3.709707237598683371e-02 -5.998122620204500433e-03 1.480738297460836017e-03
1.900000000000000000e+01 8.000000000000000000e+00 4.324640592387248017e-02 -6.324657275925561067e-03 1.779703966771479379e-03
1.900000000000000000e+01 9.000000000000000000e+00 4.974638692783795585e-02 -6.700112829275212123e-03 2.120736446673213843e-03
1.900000000000000000e+01 1.000000000000000000e+01 5.664663158242290442e-02 -7.125657867522377370e-03 2.514254205048228885e-03
1.900000000000000000e+01 1.100000000000000000e+01 6.399770266288271059e-02 -7.601776992476660944e-03 2.973162659787347700e-03
1.900000000000000000e+01 1.200000000000000000e+01 7.185018556737622630e-02 -8.127644982149712094e-03 3.513559844191646575e-03
1.900000000000000000e+01 1.300000000000000000e+01 8.025299262718213478e-02 -8.700123246653569675e-03 4.155599483897855217e-03
1.900000000000000000e+01 1.400000000000000000e+01 8.925043206068336565e-02 -9.312160090354404396e-03 4.924493692037922032e-03
1.900000000000000000e+01 1.500000000000000000e+01 9.887731280789094357e-02 -9.950265124148344187e-03 5.851556270281117744e-03
1.900000000000000000e+01 1.600000000000000000e+01 1.091509623089800540e-01 -1.059058774572546602e-02 6.975005734466695195e-03
1.900000000000000000e+01 1.700000000000000000e+01 1.200584882993418756e-01 -1.119300140579482239e-02 8.339869948117598075e-03
1.900000000000000000e+01 1.800000000000000000e+01 1.315369651205696988e-01 -1.169262326254758011e-02 9.995605841960332472e-03
1.900000000000000000e+01 1.900000000000000000e+01 1.434437348244370358e-01 -1.198876407553058077e-02 1.198876410604268750e-02
1.900000000000000000e+01 2.000000000000000000e+01 1.555144932716308603e-01 -1.193324715013413528e-02 1.434608919249162617e-02
1.900000000000000000e+01 2.100000000000000000e+01 1.673102291247053064e-01 -1.132483840736581149e-02 1.704143044288825015e-02
1.900000000000000000e+01 2.200000000000000000e+01 1.781641700863624833e-01 -9.925740770901150811e-03 1.994059782063273278e-02
1.900000000000000000e+01 2.300000000000000000e+01 1.871617106665076080e-01 -7.527839466062252738e-03 2.273002981083165064e-02
1.900000000000000000e+01 2.400000000000000000e+01 1.932198490184869888e-01 -4.094959929075131511e-03 2.487353216258419986e-02
2.000000000000000000e+01 0.000000000000000000e+00 0.000000000000000000e+00 -2.567695354078605458e-03 0.000000000000000000e+00
2.000000000000000000e+01 1.000000000000000000e+00 5.135390708157210916e-03 -5.157582693271118429e-03 1.552782150109075290e-04
2.000000000000000000e+01 2.000000000000000000e+00 1.031516538654223686e-02 -5.224366288414987458e-03 3.137944956551636660e-04
2.000000000000000000e+01 3.000000000000000000e+00 1.558412328498718670e-02 -5.336387496088647320e-03 4.789202775513264065e-04
2.000000000000000000e+01 4.000000000000000000e+00 2.098794037871953150e-02 -5.494745907768247388e-03 6.543037283862941644e-04
2.000000000000000000e+01 5.000000000000000000e+00 2.657361510052368148e-02 -5.700989952575667707e-03 8.440322125944331455e-04
2.000000000000000000e+01 6.000000000000000000e+00 3.238992028387086691e-02 -5.957121590457341992e-03 1.052826413796142946e-03
2.000000000000000000e+01 7.000000000000000000e+00 3.848785828143836546e-02 -6.265594741316701799e-03 1.286281590980459244e-03
2.000000000000000000e+01 8.000000000000000000e+00 4.492110976650427051e-02 -6.629298509212139950e-03 1.551176401665781829e-03
2.000000000000000000e+01 9.000000000000000000e+00 5.174645529986264536e-02 -7.051509451047117266e-03 1.855876887660441038e-03
2.000000000000000000e+01 1.000000000000000000e+01 5.902412866859850504e-02 -7.535785254943340450e-03 2.210873235427887606e-03
2.000000000000000000e+01 1.100000000000000000e+01 6.681802580974932626e-02 -8.085751403524056580e-03 2.629500393104250433e-03
2.000000000000000000e+01 1.200000000000000000e+01 7.519563147564661820e-02 -8.704696002018237622e-03 3.128910575329234278e-03
2.000000000000000000e+01 1.300000000000000000e+01 8.422741781378580150e-02 -9.394824370410670422e-03 3.731384146932248402e-03
2.000000000000000000e+01 1.400000000000000000e+01 9.398528021646795905e-02 -1.015591474837124197e-02 4.466077830382247926e-03
2.000000000000000000e+01 1.500000000000000000e+01 1.045392473105282855e-01 -1.098292854229818843e-02 5.371294097147621960e-03
2.000000000000000000e+01 1.600000000000000000e+01 1.159511373010643359e-01 -1.186181935266709259e-02 6.497258135273992208e-03
2.000000000000000000e+01 1.700000000000000000e+01 1.282628860158624706e-01 -1.276231160388072855e-02 7.909079091411766460e-03
2.000000000000000000e+01 1.800000000000000000e+01 1.414757605088257930e-01 -1.362580364361788698e-02 9.688762658495345126e-03
2.000000000000000000e+01 1.900000000000000000e+01 1.555144933030982446e-01 -1.434608916206350782e-02 1.193324718231011938e-02
2.000000000000000000e+01 2.000000000000000000e+01 1.701679388329528086e-01 -1.474142896341211484e-02 1.474142899566838194e-02
2.000000000000000000e+01 2.100000000000000000e+01 1.849973512299224743e-01 -1.452188271202044245e-02 1.817579598922025585e-02
2.000000000000000000e+01 2.200000000000000000e+01 1.992117042569936936e-01 -1.327283848889548867e-02 2.217431938599112584e-02
2.000000000000000000e+01 2.300000000000000000e+01 2.115430282077134516e-01 -1.051406843758406762e-02 2.638682958890063712e-02
2.000000000000000000e+01 2.400000000000000000e+01 2.202398411321618288e-01 -5.945187258581285938e-03 2.996165125819472141e-02
2.100000000000000000e+01 0.000000000000000000e+00 0.000000000000000000e+00 -2.638668497044104055e-03 0.000000000000000000e+00
2.100000000000000000e+01 1.000000000000000000e+00 5.277336994088208111e-03 -5.301050905830556256e-03 1.273065629877542793e-04
2.100000000000000000e+01 2.000000000000000000e+00 1.060210181166111251e-02 -5.372465556456703512e-03 2.573989169233634536e-04
2.100000000000000000e+01 3.000000000000000000e+00 1.602226810700161513e-02 -5.492427919012809676e-03 3.931857286796998016e-04
2.100000000000000000e+01 4.000000000000000000e+00 2.158695764968673186e-02 -5.662389422155307550e-03 5.378314586995183721e-04
2.100000000000000000e+01 5.000000000000000000e+00 2.734704695131223023e-02 -5.884427930684516667e-03 6.949091293904467725e-04
2.100000000000000000e+01 6.000000000000000000e+00 3.335581351105576520e-02 -6.161294303317760984e-03 8.685863055439037306e-04
2.100000000000000000e+01 7.000000000000000000e+00 3.966963555794775220e-02 -6.496472608074139315e-03 1.063861567645613820e-03
2.100000000000000000e+01 8.000000000000000000e+00 4.634875872720404383e-02 -6.894252572605542861e-03 1.286875401776254452e-03
2.100000000000000000e+01 9.000000000000000000e+00 5.345814070315883793e-02 -7.359809663037317901e-03 1.545329685974775047e-03
2.100000000000000000e+01 1.000000000000000000e+01 6.106837805327867963e-02 -7.899281372966186765e-03 1.849065650089909418e-03
2.100000000000000000e+01 1.100000000000000000e+01 6.925670344909121146e-02 -8.519814332378007615e-03 2.210874125270261004e-03
2.100000000000000000e+01 1.200000000000000000e+01 7.810800671803469486e-02 -9.229528735977710063e-03 2.647648215495367052e-03
2.100000000000000000e+01 1.300000000000000000e+01 8.771576092104663158e-02 -1.003729050170658332e-02 3.182042873711272979e-03
2.100000000000000000e+01 1.400000000000000000e+01 9.818258772144786151e-02 -1.095207004056977795e-02 3.844884622959357512e-03
2.100000000000000000e+01 1.500000000000000000e+01 1.096199010021861875e-01 -1.198144542904008847e-02 4.678680561136676352e-03
2.100000000000000000e+01 1.600000000000000000e+01 1.221454785795280384e-01 -1.312837273998961052e-02 5.742692567299388651e-03
2.100000000000000000e+01 1.700000000000000000e+01 1.358766464821654085e-01 -1.438450592901617531e-02 7.120088181649442127e-03
2.100000000000000000e+01 1.800000000000000000e+01 1.509144904375603891e-01 -1.571679135344593303e-02 8.927374116811326310e-03
2.100000000000000000e+01 1.900000000000000000e+01 1.673102291890572746e-01 -1.704143041270361758e-02 1.132483844069802348e-02
2.100000000000000000e+01 2.000000000000000000e+01 1.849973512629676242e-01 -1.817579595704427176e-02 1.452188274558925685e-02
2.100000000000000000e+01 2.100000000000000000e+01 2.036618211031458181e-01 -1.875772879768855539e-02 1.875772883133454416e-02
2.100000000000000000e+01 2.200000000000000000e+01 2.225128088583447350e-01 -1.813677437058153208e-02 2.420612137305559741e-02
2.100000000000000000e+01 2.300000000000000000e+01 2.399353698443088823e-01 -1.531517133826584831e-02 3.069363730458764261e-02
2.100000000000000000e+01 2.400000000000000000e+01 2.531431515348764316e-01 -9.226872628094948126e-03 3.707997325858838900e-02
2.200000000000000000e+01 0.000000000000000000e+00 0.000000000000000000e+00 -2.695001917066359737e-03 0.000000000000000000e+00
2.200000000000000000e+01 1.000000000000000000e+00 5.390003834132719475e-03 -5.414981610194481883e-03 9.693157885778524302e-05
2.200000000000000000e+01 2.000000000000000000e+00 1.082996322038896377e-02 -5.490245454106933848e-03 1.960764121006373581e-04
2.200000000000000000e+01 3.000000000000000000e+00 1.637049474234658630e-02 -5.616820037864802238e-03 2.997505850143716843e-04
2.200000000000000000e+01 4.000000000000000000e+00 2.206360329611856824e-02 -5.796469308478994359e-03 4.104847945437875567e-04
2.200000000000000000e+01 5.000000000000000000e+00 2.796343335930457502e-02 -6.031744799420053066e-03 5.311542630719364583e-04
2.200000000000000000e+01 6.000000000000000000e+00 3.412709289495867437e-02 -6.326074028712509040e-03 6.651392146185264309e-04
2.200000000000000000e+01 7.000000000000000000e+00 4.061558141672959310e-02 -6.683883837549052520e-03 8.165325459083619397e-04
2.200000000000000000e+01 8.000000000000000000e+00 4.749486057005677941e-02 -7.110766627541301177e-03 9.904184912354375980e-04
2.200000000000000000e+01 9.000000000000000000e+00 5.483711467181219545e-02 -7.613699699360772233e-03 1.193257603846930442e-03
2.200000000000000000e+01 1.000000000000000000e+01 6.272225996877832388e-02 -8.201329694238826407e-03 1.433431955559956450e-03
2.200000000000000000e+01 1.100000000000000000e+01 7.123977406028984827e-02 -8.884333968929514214e-03 1.722034732102431520e-03
2.200000000000000000e+01 1.200000000000000000e+01 8.049092790663735231e-02 -9.675864750459249597e-03 2.074038431676125671e-03
2.200000000000000000e+01 1.300000000000000000e+01 9.059150356120834746e-02 -1.059206077787466088e-02 2.510059744868800569e-03
2.200000000000000000e+01 1.400000000000000000e+01 1.016750494623866741e-01 -1.165255243579664535e-02 3.059081527245807730e-03
2.200000000000000000e+01 1.500000000000000000e+01 1.138966084328016382e-01 -1.288073648663821957e-02 3.762735420462473557e-03
2.200000000000000000e+01 1.600000000000000000e+01 1.274365224356631132e-01 -1.430322697317985836e-02 4.682161812901611264e-03
2.200000000000000000e+01 1.700000000000000000e+01 1.425030623791613549e-01 -1.594699315339266621e-02 5.909144477598299305e-03
2.200000000000000000e+01 1.800000000000000000e+01 1.593305087424484456e-01 -1.783055390266646834e-02 7.584239154366734237e-03
2.200000000000000000e+01 1.900000000000000000e+01 1.781641701844942915e-01 -1.994059779084143835e-02 9.925740804857766109e-03
2.200000000000000000e+01 2.000000000000000000e+01 1.992117043241313223e-01 -2.217431935404863552e-02 1.327283852323611624e-02
2.200000000000000000e+01 2.100000000000000000e+01 2.225128088925915626e-01 -2.420612133948678302e-02 1.813677440515017170e-02
2.200000000000000000e+01 2.200000000000000000e+01 2.476239470031048884e-01 -2.520874696214858712e-02 2.520874699679206965e-02
2.200000000000000000e+01 2.300000000000000000e+01 2.729303028168887368e-01 -2.338792032311685920e-02 3.511178351721762347e-02
2.200000000000000000e+01 2.400000000000000000e+01 2.943997876493386068e-01 -1.570339055207356505e-02 4.722305073043009394e-02
2.300000000000000000e+01 0.000000000000000000e+00 0.000000000000000000e+00 -2.735600075901889298e-03 0.000000000000000000e+00
2.300000000000000000e+01 1.000000000000000000e+00 5.471200151803778597e-03 -5.497127317931193614e-03 6.463174752886768903e-05
2.300000000000000000e+01 2.000000000000000000e+00 1.099425463586238723e-02 -5.575284562613289953e-03 1.308034748193258670e-04
2.300000000000000000e+01 3.000000000000000000e+00 1.662176927703035850e-02 -5.706836301455959874e-03 2.001293203588126735e-04
2.300000000000000000e+01 4.000000000000000000e+00 2.240792723877430698e-02 -5.893793100212872324e-03 2.743784469003453241e-04
2.300000000000000000e+01 5.000000000000000000e+00 2.840935547745610315e-02 -6.139082350759255541e-03 3.555698003322137202e-04
2.300000000000000000e+01 6.000000000000000000e+00 3.468609194029281806e-02 -6.446672586154186466e-03 4.460903869812557487e-04
2.300000000000000000e+01 7.000000000000000000e+00 4.130270064976447608e-02 -6.821751884691050483e-03 5.488502697856140200e-04
2.300000000000000000e+01 8.000000000000000000e+00 4.832959570967491902e-02 -7.270977630544111364e-03 6.674935985659831428e-04
2.300000000000000000e+01 9.000000000000000000e+00 5.584465591085269881e-02 -7.802823127361836753e-03 8.066950843133163795e-04
2.300000000000000000e+01 1.000000000000000000e+01 6.393524196439859253e-02 -8.428058501221687843e-03 9.725881482353024299e-04
2.300000000000000000e+01 1.100000000000000000e+01 7.270077291329607450e-02 -9.160420808494176836e-03 1.173399533435655340e-03
2.300000000000000000e+01 1.200000000000000000e+01 8.225608358138694620e-02 -1.001755374874407911e-02 1.420414827161341209e-03
2.300000000000000000e+01 1.300000000000000000e+01 9.273588041078423272e-02 -1.102233359727626538e-02 1.729488113850423392e-03
2.300000000000000000e+01 1.400000000000000000e+01 1.043007507759394770e-01 -1.220474571616345094e-02 2.123472542446921962e-03
2.300000000000000000e+01 1.500000000000000000e+01 1.171453718431111346e-01 -1.360452571469589200e-02 2.636259806050485210e-03
2.300000000000000000e+01 1.600000000000000000e+01 1.315098022053312610e-01 -1.527478179712543627e-02 3.319728504388066992e-03
2.300000000000000000e+01 1.700000000000000000e+01 1.476949354373620071e-01 -1.728658327048129828e-02 4.256143328680669913e-03
2.300000000000000000e+01 1.800000000000000000e+01 1.660829687462938575e-01 -1.973338768070539984e-02 5.581134128994955090e-03
2.300000000000000000e+01 1.900000000000000000e+01 1.871617107987728068e-01 -2.273002978157299958e-02 7.527839500096236702e-03
2.300000000000000000e+01 2.000000000000000000e+01 2.115430283094398567e-01 -2.638682955733667734e-02 1.051406847213974538e-02
2.300000000000000000e+01 2.100000000000000000e+01 2.399353699134461615e-01 -3.069363727124450880e-02 1.531517137319302058e-02
2.300000000000000000e+01 2.200000000000000000e+01 2.729303028519288743e-01 -3.511178348264898386e-02 2.338792035826585403e-02
2.300000000000000000e+01 2.300000000000000000e+01 3.101589368787441292e-01 -3.732947507190387260e-02 3.732947510712619765e-02
2.300000000000000000e+01 2.400000000000000000e+01 3.475892529957366195e-01 -3.025588489745353882e-02 6.056752629178868697e-02
2.400000000000000000e+01 0.000000000000000000e+00 0.000000000000000000e+00 -2.759633664595227426e-03 0.000000000000000000e+00
2.400000000000000000e+01 1.000000000000000000e+00 5.519267329190454853e-03 -5.545785085013807750e-03 3.098203075465461032e-05
2.400000000000000000e+01 2.000000000000000000e+00 1.109157017002761550e-02 -5.625743026936878832e-03 6.275809721814976094e-05
2.400000000000000000e+01 3.000000000000000000e+00 1.677075338306421165e-02 -5.760395009945821695e-03 9.616116891019398094e-05
2.400000000000000000e+01 4.000000000000000000e+00 2.261236018991925889e-02 -5.951909788452395406e-03 1.321056075050796447e-04
2.400000000000000000e+01 5.000000000000000000e+00 2.867457295996900246e-02 -6.203456739500963490e-03 1.716372012059447921e-04
2.400000000000000000e+01 6.000000000000000000e+00 3.501927366892118587e-02 -6.519354498165909340e-03 2.159960006900274454e-04
2.400000000000000000e+01 7.000000000000000000e+00 4.171328195630082114e-02 -6.905287049133779914e-03 2.666992750743821250e-04
2.400000000000000000e+01 8.000000000000000000e+00 4.882984776718874570e-02 -7.368611442069003536e-03 3.256554383781057327e-04
2.400000000000000000e+01 9.000000000000000000e+00 5.645050484043882821e-02 -7.918794249030091520e-03 3.953257170642293650e-04
2.400000000000000000e+01 1.000000000000000000e+01 6.466743626524892874e-02 -8.568034143361165367e-03 4.789603828261185248e-04
2.400000000000000000e+01 1.100000000000000000e+01 7.358657312716115895e-02 -9.332160647855552993e-03 5.809538481184733927e-04
2.400000000000000000e+01 1.200000000000000000e+01 8.333175756096003473e-02 -1.023195333087401765e-02 7.073942046067066558e-04
2.400000000000000000e+01 1.300000000000000000e+01 9.405047978890919425e-02 -1.129511849316024164e-02 8.669407821799285374e-04
2.400000000000000000e+01 1.400000000000000000e+01 1.059219945472805180e-01 -1.255932412799670717e-02 1.072275241386644318e-03
2.400000000000000000e+01 1.500000000000000000e+01 1.191691280449026086e-01 -1.407699244857936460e-02 1.342597892658226044e-03
2.400000000000000000e+01 1.600000000000000000e+01 1.340759794444392472e-01 -1.592311049581004306e-02 1.708122508196907585e-03
2.400000000000000000e+01 1.700000000000000000e+01 1.510153490365226947e-01 -1.820839877799955431e-02 2.218611029570050075e-03
2.400000000000000000e+01 1.800000000000000000e+01 1.704927770004383558e-01 -2.110225007408203513e-02 2.960618580625379304e-03
2.400000000000000000e+01 1.900000000000000000e+01 1.932198491846867650e-01 -2.487353213398622864e-02 4.094959962633468176e-03
2.400000000000000000e+01 2.000000000000000000e+01 2.202398412684108131e-01 -2.996165122714541940e-02 5.945187292788520206e-03
2.400000000000000000e+01 2.100000000000000000e+01 2.531431516389776037e-01 -3.707997322561289166e-02 9.226872662809082470e-03
2.400000000000000000e+01 2.200000000000000000e+01 2.943997877196365964e-01 -4.722305069608176420e-02 1.570339058715086722e-02
2.400000000000000000e+01 2.300000000000000000e+01 3.475892530311411321e-01 -6.056752625663969214e-02 3.025588493274902757e-02
2.400000000000000000e+01 2.400000000000000000e+01 4.155348402329159807e-01 -6.804838877104232853e-02 6.804838880641056464e-02
