10.2 40.2
 7.8 42.8
 5.2 45.2
 2.8 47.8
47.8  2.8
45.2  5.2
42.8  7.8
40.2 10.2
37.8 12.8
35.2 15.2
32.8 17.8
30.2 20.2
27.8 22.8
25.2 25.2
22.8 27.8
20.2 30.2
17.8 32.8
15.2 35.2
12.8 37.8
10.2 40.2
 7.8 42.8
 5.2 45.2
 2.8 47.8
47.8  2.8
45.2  5.2
42.8  7.8
40.2 10.2
37.8 12.8
35.2 15.2
32.8 17.8
30.2 20.2
27.8 22.8
25.2 25.2
22.8 27.8
20.2 30.2
17.8 32.8
15.2 35.2
12.8 37.8
10.2 40.2
 7.8 42.8
 5.2 45.2
 2.8 47.8
47.8  2.8
45.2  5.2
42.8  7.8
40.2 10.2
37.8 12.8
35.2 15.2
32.8 17.8
30.2 20.2
27.8 22.8
25.2 25.2
22.8 27.8
20.2 30.2
17.8 32.8
15.2 35.2
12.8 37.8
10.2 40.2
 7.8 42.8
 5.2 45.2
 2.8 47.8
47.8  2.8
45.2  5.2
42.8  7.8
40.2 10.2
37.8 12.8
35.2 15.2
32.8 17.8
30.2 20.2
27.8 22.8
25.2 25.2
22.8 27.8
20.2 30.2
17.8 32.8
15.2 35.2
12.8 37.8
10.2 40.2
 7.8 42.8
 5.2 45.2
 2.8 47.8
47.8  2.8
45.2  5.2
42.8  7.8
40.2 10.2
37.8 12.8
35.2 15.2
32.8 17.8
30.2 20.2
27.8 22.8
25.2 25.2
22.8 27.8
20.2 30.2
17.8 32.8
15.2 35.2
12.8 37.8
10.2 40.2
 7.8 42.8
 5.2 45.2
 2.8 47.8
47.8  2.8
45.2  5.2
42.8  7.8
40.2 10.2
37.8 12.8
35.2 15.2
32.8 17.8
30.2 20.2
27.8 22.8
25.2 25.2
22.8 27.8
20.2 30.2
17.8 32.8
15.2 35.2
12.8 37.8
10.2 40.2
 7.8 42.8
 5.2 45.2
 2.8 47.8
47.8  2.8
45.2  5.2
42.8  7.8
40.2 10.2
37.8 12.8
35.2 15.2
32.8 17.8
30.2 20.2
27.8 22.8
25.2 25.2
22.8 27.8
20.2 30.2
17.8 32.8
15.2 35.2
12.8 37.8
10.2 40.2
 7.8 42.8
 5.2 45.2
 2.8 47.8
47.8  2.8
45.2  5.2
42.8  7.8
40.2 10.2
37.8 12.8
35.2 15.2
32.8 17.8
30.2 20.2
27.8 22.8
25.2 25.2
22.8 27.8
20.2 30.2
17.8 32.8
15.2 35.2
12.8 37.8
10.2 40.2
 7.8 42.8
 5.2 45.2
 2.8 47.8
47.8  2.8
45.2  5.2
42.8  7.8
40.2 10.2
37.8 12.8
35.2 15.2
32.8 17.8
30.2 20.2
27.8 22.8
25.2 25.2
22.8 27.8
20.2 30.2
17.8 32.8
15.2 35.2
12.8 37.8
10.2 40.2
 7.8 42.8
 5.2 45.2
 2.8 47.8
47.8  2.8
45.2  5.2
42.8  7.8
40.2 10.2
37.8 12.8
35.2 15.2
32.8 17.8
30.2 20.2
27.8 22.8
25.2 25.2
22.8 27.8
20.2 30.2
17.8 32.8
15.2 35.2
12.8 37.8
10.2 40.2
 7.8 42.8
 5.2 45.2
 2.8 47.8
47.8  2.8
45.2  5.2
42.8  7.8
40.2 10.2
37.8 12.8
35.2 15.2
32.8 17.8
30.2 20.2
27.8 22.8
25.2 25.2
22.8 27.8
20.2 30.2
17.8 32.8
15.2 35.2
12.8 37.8
10.2 40.2
 7.8 42.8
 5.2 45.2
 2.8 47.8
47.8  2.8
45.2  5.2
42.8  7.8
40.2 10.2
37.8 12.8
35.2 15.2
32.8 17.8
30.2 20.2
27.8 22.8
25.2 25.2
22.8 27.8
20.2 30.2
17.8 32.8
15.2 35.2
12.8 37.8
10.2 40.2
 7.8 42.8
 5.2 45.2
 2.8 47.8
47.8  2.8
45.2  5.2
42.8  7.8
40.2 10.2
37.8 12.8
35.2 15.2
32.8 17.8
30.2 20.2
27.8 22.8
25.2 25.2
22.8 27.8
20.2 30.2
17.8 32.8
15.2 35.2
12.8 37.8
10.2 40.2
 7.8 42.8
 5.2 45.2
 2.8 47.8
47.8  2.8
45.2  5.2
42.8  7.8
40.2 10.2
37.8 12.8
35.2 15.2
32.8 17.8
30.2 20.2
27.8 22.8
25.2 25.2
22.8 27.8
20.2 30.2
17.8 32.8
15.2 35.2
12.8 37.8
10.2 40.2
 7.8 42.8
 5.2 45.2
 2.8 47.8
47.8  2.8
45.2  5.2
42.8  7.8
40.2 10.2
37.8 12.8
35.2 15.2
32.8 17.8
30.2 20.2
27.8 22.8
25.2 25.2
22.8 27.8
20.2 30.2
17.8 32.8
15.2 35.2
12.8 37.8
10.2 40.2
 7.8 42.8
 5.2 45.2
 2.8 47.8
47.8  2.8
45.2  5.2
42.8  7.8
40.2 10.2
37.8 12.8
35.2 15.2
32.8 17.8
30.2 20.2
27.8 22.8
25.2 25.2
22.8 27.8
20.2 30.2
17.8 32.8
15.2 35.2
12.8 37.8
10.2 40.2
 7.8 42.8
 5.2 45.2
 2.8 47.8
47.8  2.8
45.2  5.2
42.8  7.8
40.2 10.2
37.8 12.8
35.2 15.2
32.8 17.8
30.2 20.2
27.8 22.8
25.2 25.2
22.8 27.8
20.2 30.2
17.8 32.8
15.2 35.2
12.8 37.8
10.2 40.2
 7.8 42.8
 5.2 45.2
 2.8 47.8
47.8  2.8
45.2  5.2
42.8  7.8
40.2 10.2
37.8 12.8
35.2 15.2
32.8 17.8
30.2 20.2
27.8 22.8
25.2 25.2
22.8 27.8
20.2 30.2
17.8 32.8
15.2 35.2
12.8 37.8
10.2 40.2
 7.8 42.8
 5.2 45.2
 2.8 47.8
47.8  2.8
45.2  5.2
42.8  7.8
40.2 10.2
37.8 12.8
35.2 15.2
32.8 17.8
30.2 20.2
27.8 22.8
25.2 25.2
22.8 27.8
20.2 30.2
17.8 32.8
15.2 35.2
12.8 37.8
10.2 40.2
 7.8 42.8
 5.2 45.2
 2.8 47.8
47.8  2.8
45.2  5.2
42.8  7.8
40.2 10.2
37.8 12.8
35.2 15.2
32.8 17.8
30.2 20.2
27.8 22.8
25.2 25.2
22.8 27.8
20.2 30.2
17.8 32.8
15.2 35.2
12.8 37.8
10.2 40.2
 7.8 42.8
 5.2 45.2
 2.8 47.8
47.8  2.8
45.2  5.2
42.8  7.8
40.2 10.2
37.8 12.8
35.2 15.2
32.8 17.8
30.2 20.2
27.8 22.8
25.2 25.2
22.8 27.8
20.2 30.2
17.8 32.8
15.2 35.2
12.8 37.8
10.2 40.2
 7.8 42.8
 5.2 45.2
 2.8 47.8
47.8  2.8
45.2  5.2
42.8  7.8
40.2 10.2
37.8 12.8
35.2 15.2
32.8 17.8
30.2 20.2
27.8 22.8
25.2 25.2
22.8 27.8
20.2 30.2
17.8 32.8
15.2 35.2
12.8 37.8
10.2 40.2
 7.8 42.8
 5.2 45.2
 2.8 47.8
47.8  2.8
45.2  5.2
42.8  7.8
40.2 10.2
37.8 12.8
35.2 15.2
32.8 17.8
30.2 20.2
27.8 22.8
25.2 25.2
22.8 27.8
20.2 30.2
17.8 32.8
15.2 35.2
12.8 37.8
10.2 40.2
 7.8 42.8
 5.2 45.2
 2.8 47.8
47.8  2.8
45.2  5.2
42.8  7.8
40.2 10.2
37.8 12.8
35.2 15.2
32.8 17.8
30.2 20.2
27.8 22.8
25.2 25.2
22.8 27.8
20.2 30.2
17.8 32.8
15.2 35.2
12.8 37.8
10.2 40.2
 7.8 42.8
 5.2 45.2
 2.8 47.8
47.8  2.8
45.2  5.2
42.8  7.8
40.2 10.2
37.8 12.8
35.2 15.2
32.8 17.8
30.2 20.2
27.8 22.8
