1238
649
360
973
1467
408
484
563
352
175
1881
698
862
518
1307
1193
321
1501
226
654
1016
1161
394
1058
773
439
620
314
475
2089
332
784
1803
213
2909
1230
407
1709
1785
1871
327
2345
708
341
661
740
368
650
738
1264
143
419
567
460
671
1041
596
2520
1350
428
1628
348
588
358
1072
2094
791
588
1283
2315
654
410
776
292
675
459
488
419
949
478
784
3216
269
1482
744
1432
1470
692
571
800
1178
316
144
690
795
220
1554
933
312
289
416
300
462
330
226
3543
1682
701
2173
694
1469
1486
276
388
2570
631
1027
1119
666
232
1012
285
612
680
1419
921
1445
1044
516
408
799
1088
269
552
694
1764
899
456
177
323
975
1372
446
658
341
1082
613
1241
728
603
